0 -0.0374331 0.748634 6.69925
0.0166667 0.0317899 0.408704 16.7199
0.0333333 0.261132 -0.435981 30.0384
0.05 0.7024 -1.94986 46.6225
0.0666667 1.40567 -4.29478 66.4308
0.0833333 2.41922 -7.62917 89.4138
0.1 3.78936 -12.1073 115.514
0.116667 5.56041 -17.8784 144.665
0.133333 7.77448 -25.0861 176.794
0.15 10.4713 -33.8677 211.823
0.166667 13.6881 -44.3534 249.665
0.183333 17.4595 -56.6662 290.229
0.2 21.8171 -70.9209 333.421
0.216667 26.7894 -87.224 379.139
0.233333 32.4015 -105.673 427.281
0.25 38.6752 -126.358 477.742
0.266667 45.6281 -149.357 530.415
0.283333 53.2739 -174.741 585.192
0.3 61.6222 -202.572 641.966
0.316667 70.6777 -232.902 700.628
0.333333 80.4405 -265.775 761.075
0.35 90.9054 -301.224 823.203
0.366667 102.062 -339.275 886.911
0.383333 113.895 -379.948 952.104
0.4 126.381 -423.253 1018.69
0.416667 139.494 -469.193 1086.58
0.433333 153.198 -517.765 1155.69
0.45 167.454 -568.96 1225.95
0.466666 182.213 -622.763 1297.28
0.483333 197.422 -679.156 1369.63
0.5 213.019 -738.116 1442.93
0.516666 228.935 -799.615 1517.13
0.533333 245.094 -863.624 1592.19
0.55 261.412 -930.112 1668.06
0.566666 277.798 -999.046 1744.72
0.583333 294.153 -1070.39 1822.14
0.6 310.37 -1144.11 1900.3
0.616666 326.333 -1220.17 1979.18
0.633333 341.921 -1298.55 2058.76
0.65 357.001 -1379.19 2139.05
0.666666 371.436 -1462.08 2220.04
0.683333 385.078 -1547.17 2301.72
0.7 397.773 -1634.45 2384.11
0.716666 409.358 -1723.87 2467.19
0.733333 419.664 -1815.42 2550.99
0.75 428.512 -1909.07 2635.49
0.766666 435.717 -2004.79 2720.71
0.783333 441.086 -2102.57 2806.65
0.799999 444.421 -2202.36 2893.3
0.816666 445.513 -2304.16 2980.67
0.833333 444.151 -2407.93 3068.75
0.849999 440.114 -2513.66 3157.54
0.866666 433.176 -2621.31 3247.01
0.883333 423.106 -2730.85 3337.14
0.899999 409.667 -2842.26 3427.92
0.916666 392.617 -2955.49 3519.3
0.933333 371.708 -3070.5 3611.26
0.949999 346.691 -3187.24 3703.74
0.966666 317.31 -3305.66 3796.69
0.983333 283.307 -3425.69 3890.05
0.999999 244.422 -3547.26 3983.75
1.01667 200.393 -3670.29 4077.7
1.03333 150.955 -3794.69 4171.83
1.05 95.8444 -3920.34 4266.02
1.06667 34.7959 -4047.14 4360.19
1.08333 -32.4539 -4174.94 4454.21
1.1 -106.167 -4303.61 4547.95
1.11667 -186.603 -4432.97 4641.29
1.13333 -274.018 -4562.84 4734.09
1.15 -368.663 -4693.03 4826.19
1.16667 -470.784 -4823.32 4917.43
1.18333 -580.62 -4953.47 5007.64
1.2 -698.402 -5083.22 5096.66
1.21667 -824.352 -5212.29 5184.29
1.23333 -958.68 -5340.4 5270.35
1.25 -1101.59 -5467.2 5354.63
1.26667 -1253.25 -5592.37 5436.93
1.28333 -1413.86 -5715.52 5517.04
1.3 -1583.55 -5836.28 5594.73
1.31667 -1762.46 -5954.23 5669.79
1.33333 -1950.71 -6068.94 5741.98
1.35 -2148.39 -6179.94 5811.07
1.36667 -2355.57 -6286.76 5876.82
1.38333 -2572.3 -6388.9 5938.98
1.4 -2798.58 -6485.82 5997.31
1.41667 -3034.41 -6576.99 6051.56
1.43333 -3279.74 -6661.85 6101.47
1.45 -3534.48 -6739.81 6146.8
1.46667 -3798.53 -6810.27 6187.28
1.48333 -4071.72 -6872.63 6222.66
1.5 -4353.86 -6926.25 6252.69
1.51667 -4644.71 -6970.5 6277.1
1.53333 -4944 -7004.73 6295.64
1.55 -5251.38 -7028.29 6308.07
1.56667 -5566.49 -7040.51 6314.12
1.58333 -5888.9 -7040.74 6313.56
1.6 -6218.12 -7028.32 6306.15
1.61667 -6553.62 -7002.6 6291.63
1.63333 -6894.81 -6962.94 6269.8
1.65 -7241.06 -6908.7 6240.42
1.66667 -7591.66 -6839.28 6203.27
1.68333 -7945.84 -6754.09 6158.15
1.7 -8302.8 -6652.56 6104.86
1.71667 -8661.66 -6534.15 6043.23
1.73333 -9021.48 -6398.38 5973.06
1.75 -9381.27 -6244.78 5894.21
1.76667 -9739.99 -6072.95 5806.52
1.78333 -10096.5 -5882.53 5709.87
1.8 -10449.8 -5673.21 5604.14
1.81667 -10798.4 -5444.76 5489.24
1.83333 -11141.3 -5197.01 5365.09
1.85 -11477.1 -4929.87 5231.64
1.86667 -11804.5 -4643.31 5088.84
1.88333 -12122.1 -4337.4 4936.69
1.9 -12428.5 -4012.3 4775.21
1.91667 -12722.2 -3668.26 4604.44
1.93333 -13001.9 -3305.62 4424.43
1.95 -13266 -2924.85 4235.3
1.96667 -13513.1 -2526.49 4037.15
1.98333 -13741.8 -2111.22 3830.16
2 -13950.5 -1679.8 3614.5
2.01666 -14138 -1233.15 3390.41
2.03333 -14302.6 -772.255 3158.12
2.05 -14443.2 -298.253 2917.95
2.06666 -14558.4 187.621 2670.21
2.08333 -14646.9 684.012 2415.27
2.1 -14707.6 1189.45 2153.53
2.11666 -14739.4 1702.37 1885.43
2.13333 -14741.3 2221.08 1611.45
2.15 -14712.3 2743.81 1332.1
2.16666 -14651.8 3268.67 1047.94
2.18333 -14559 3793.72 759.574
2.2 -14433.4 4316.92 467.622
2.21666 -14274.6 4836.16 172.758
2.23333 -14082.4 5349.28 -124.308
2.25 -13856.8 5854.07 -422.835
2.26666 -13597.8 6348.3 -722.041
2.28333 -13305.7 6829.7 -1021.11
2.3 -12980.9 7296.02 -1319.21
2.31666 -12624.1 7745 -1615.45
2.33333 -12236.1 8174.41 -1908.94
2.35 -11817.8 8582.07 -2198.74
2.36666 -11370.6 8965.86 -2483.9
2.38333 -10895.6 9323.74 -2763.44
2.4 -10394.5 9653.75 -3036.39
2.41666 -9869 9954.05 -3301.73
2.43333 -9320.94 10222.9 -3558.45
2.45 -8752.38 10458.8 -3805.53
2.46666 -8165.5 10660.3 -4041.94
2.48333 -7562.61 10826.2 -4266.66
2.5 -6946.14 10955.5 -4478.68
2.51666 -6318.64 11047.2 -4677
2.53333 -5682.73 11100.8 -4860.61
2.55 -5041.1 11115.9 -5028.55
2.56666 -4396.5 11092.3 -5179.87
2.58333 -3751.7 11030 -5313.66
2.6 -3109.47 10929.5 -5429.03
2.61666 -2472.58 10791.3 -5525.15
2.63333 -1843.76 10616.1 -5601.21
2.65 -1225.67 10405 -5656.48
2.66666 -620.881 10159.4 -5690.24
2.68333 -31.88 9880.64 -5701.87
2.7 538.988 9570.61 -5690.79
2.71666 1089.52 9231.24 -5656.5
2.73333 1617.7 8864.67 -5598.57
2.75 2121.67 8473.25 -5516.63
2.76666 2599.8 8059.5 -5410.41
2.78333 3050.67 7626.08 -5279.71
2.8 3473.11 7175.75 -5124.41
2.81666 3866.17 6711.42 -4944.49
2.83333 4229.18 6236.05 -4740.01
2.85 4561.73 5752.65 -4511.13
2.86666 4863.67 5264.28 -4258.08
2.88333 5135.11 4774 -3981.21
2.9 5376.46 4284.83 -3680.94
2.91666 5588.37 3799.75 -3357.8
2.93333 5771.75 3321.68 -3012.4
2.95 5927.77 2853.42 -2645.45
2.96666 6057.85 2397.66 -2257.74
2.98333 6163.62 1956.95 -1850.14
3 6246.93 1533.64 -1423.63
3.01666 6309.82 1129.94 -979.237
3.03333 6354.5 747.821 -518.095
3.05 6383.35 389.048 -41.3964
3.06666 6398.87 55.1503 449.595
3.08333 6403.66 -252.585 953.552
3.1 6400.42 -533.125 1469.08
3.11666 6391.89 -785.692 1994.75
3.13333 6380.85 -1009.77 2529.05
3.15 6370.1 -1205.11 3070.47
3.16666 6362.39 -1371.72 3617.41
3.18333 6360.45 -1509.86 4168.29
3.2 6366.94 -1620.03 4721.47
3.21666 6384.41 -1702.99 5275.3
3.23333 6415.32 -1759.71 5828.12
3.25 6461.99 -1791.37 6378.27
3.26666 6526.58 -1799.36 6924.07
3.28333 6611.1 -1785.25 7463.86
3.3 6717.35 -1750.77 7996
3.31666 6846.94 -1697.78 8518.83
3.33333 7001.29 -1628.28 9030.76
3.35 7181.58 -1544.36 9530.19
3.36666 7388.79 -1448.19 10015.6
3.38333 7623.66 -1341.99 10485.4
3.4 7886.68 -1228.03 10938.2
3.41666 8178.16 -1108.58 11372.5
3.43333 8498.12 -985.901 11786.9
3.45 8846.41 -862.225 12180.2
3.46666 9222.63 -739.735 12551
3.48333 9626.19 -620.545 12898.2
3.5 10056.3 -506.68 13220.6
3.51666 10511.9 -400.062 13517.2
3.53333 10991.9 -302.494 13786.8
3.55 11494.8 -215.643 14028.6
3.56666 12019.3 -141.034 14241.7
3.58333 12563.7 -80.0351 14425.2
3.6 13126.2 -33.8458 14578.6
3.61666 13704.9 -3.49545 14701
3.63333 14297.9 10.1665 14792
3.65 14903.2 6.47464 14850.9
3.66666 15518.5 -15.0501 14877.5
3.68333 16141.8 -54.6994 14871.3
3.7 16770.8 -112.577 14832
3.71666 17403.3 -188.6 14759.6
3.73333 18037.1 -282.502 14653.7
3.75 18670 -393.836 14514.5
3.76666 19299.8 -521.98 14341.9
3.78333 19924.2 -666.144 14136
3.8 20541.2 -825.376 13897.1
3.81666 21148.6 -998.567 13625.3
3.83333 21744.4 -1184.46 13321.2
3.85 22326.7 -1381.68 12985
3.86666 22893.5 -1588.69 12617.3
3.88333 23443.1 -1803.87 12218.7
3.9 23973.6 -2025.46 11789.9
3.91666 24483.4 -2251.65 11331.6
3.93333 24971 -2480.49 10844.7
3.95 25434.9 -2710 10330.1
3.96666 25873.7 -2938.11 9788.79
3.98333 26286.2 -3162.73 9221.93
4 26671.1 -3381.7 8630.71
4.01666 27027.3 -3592.85 8016.42
4.03333 27354 -3793.99 7380.44
4.05 27650.1 -3982.94 6724.25
4.06666 27914.9 -4157.51 6049.42
4.08333 28147.7 -4315.53 5357.63
4.1 28347.8 -4454.89 4650.65
4.11666 28514.8 -4573.5 3930.36
4.13333 28648.2 -4669.33 3198.72
4.15 28747.7 -4740.43 2457.8
4.16667 28812.9 -4784.91 1709.78
4.18333 28843.8 -4801.01 956.923
4.2 28840.1 -4787.02 201.605
4.21667 28802 -4741.4 -553.711
4.23333 28729.3 -4662.69 -1306.46
4.25 28622.3 -4549.61 -2054
4.26667 28481.1 -4401.01 -2793.57
4.28333 28306.1 -4215.89 -3522.36
4.3 28097.4 -3993.45 -4237.46
4.31667 27855.6 -3733.05 -4935.89
4.33333 27581 -3434.25 -5614.62
4.35 27274.3 -3096.84 -6270.53
4.36667 26936 -2720.78 -6900.49
4.38333 26566.7 -2306.29 -7501.31
4.4 26167.3 -1853.8 -8069.77
4.41667 25738.4 -1364 -8602.64
4.43334 25281 -837.797 -9096.71
4.45 24796 -276.383 -9548.76
4.46667 24284.3 318.808 -9955.6
4.48334 23746.9 946.076 -10314.1
4.5 23185.2 1603.45 -10621.2
4.51667 22600.1 2288.71 -10873.9
4.53334 21992.9 2999.35 -11069.3
4.55 21365.1 3732.6 -11204.7
4.56667 20717.8 4485.44 -11277.4
4.58334 20052.8 5254.59 -11285.1
4.6 19371.3 6036.52 -11225.4
4.61667 18675.1 6827.46 -11096.3
4.63334 17965.8 7623.41 -10896
4.65 17245.2 8420.16 -10623
4.66667 16515 9213.31 -10276
4.68334 15777.1 9998.27 -9853.99
4.70001 15033.5 10770.3 -9356.36
4.71667 14286.1 11524.5 -8782.79
4.73334 13537.2 12256 -8133.33
4.75001 12788.6 12959.6 -7408.41
4.76667 12042.7 13630.2 -6608.85
4.78334 11301.8 14262.7 -5735.84
4.80001 10568 14852 -4791.03
4.81667 9843.71 15393 -3776.45
4.83334 9131.33 15880.7 -2694.57
4.85001 8433.26 16310.4 -1548.28
4.86667 7751.94 16677.2 -340.874
4.88334 7089.83 16976.8 923.918
4.90001 6449.39 17204.9 2241.97
4.91668 5833.1 17357.5 3608.78
4.93334 5243.45 17431 5019.45
4.95001 4682.88 17422.2 6468.74
4.96668 4153.84 17328.2 7951.1
4.98334 3658.73 17146.6 9460.68
5.00001 3199.92 16875.4 10991.3
5.01668 2779.71 16513.2 12536.8
5.03334 2400.34 16058.9 14090.4
5.05001 2063.97 15512.3 15645.6
5.06668 1772.67 14873.5 17195.7
5.08334 1528.42 14143.3 18733.7
5.10001 1333.07 13323 20253
5.11668 1188.34 12414.6 21746.7
5.13334 1095.84 11420.5 23208.4
5.15001 1057 10344.1 24631.5
5.16668 1073.1 9188.88 26009.8
5.18335 1145.24 7959.23 27337.5
5.20001 1274.36 6659.97 28608.8
5.21668 1461.18 5296.42 29818.7
5.23335 1706.23 3874.4 30962.3
5.25001 2009.83 2400.17 32035.4
5.26668 2372.08 880.388 33034.2
5.28335 2792.85 -677.95 33955.5
5.30001 3271.78 -2267.55 34796.8
5.31668 3808.28 -3880.87 35556.1
5.33335 4401.52 -5510.2 36232
5.35001 5050.42 -7147.73 36824.1
5.36668 5753.67 -8785.57 37332.3
5.38335 6509.7 -10415.9 37757.5
5.40001 7316.73 -12030.8 38101
5.41668 8172.7 -13622.9 38365
5.43335 9075.35 -15184.6 38552.3
5.45002 10022.2 -16708.9 38666.4
5.46668 11010.5 -18188.9 38711.4
5.48335 12037.3 -19618.4 38691.8
5.50002 13099.5 -20991.4 38612.9
5.51668 14193.7 -22302.5 38480.4
5.53335 15316.5 -23547 38300.4
5.55002 16464.2 -24720.5 38079.5
5.56668 17632.8 -25819.6 37824.6
5.58335 18818.5 -26841.3 37542.7
5.60002 20017.1 -27783.5 37241.2
5.61668 21224.4 -28644.5 36927.6
5.63335 22436.1 -29423.7 36609.4
5.65002 23647.8 -30121 36294.3
5.66669 24855 -30737 35989.5
5.68335 26053.3 -31273.1 35702.5
5.70002 27238 -31731.3 35440.4
5.71669 28404.8 -32114.5 35210.1
5.73335 29549.1 -32425.8 35018
5.75002 30666.3 -32669.2 34870.3
5.76669 31752.1 -32849.2 34772.6
5.78335 32802 -32970.8 34730.3
5.80002 33811.7 -33039.3 34748
5.81669 34777 -33060.7 34829.8
5.83335 35693.7 -33041.1 34979.1
5.85002 36557.9 -32986.9 35199
5.86669 37365.5 -32904.7 35491.6
5.88335 38113 -32801.4 35858.5
5.90002 38796.7 -32683.8 36300.8
5.91669 39413.1 -32558.7 36818.6
5.93336 39959 -32433.2 37411.5
5.95002 40431.3 -32313.9 38078.7
5.96669 40827.1 -32207.4 38818.4
5.98336 41143.6 -32120.2 39628.4
6.00002 41378.3 -32058.3 40505.8
6.01669 41529 -32027.6 41447.3
6.03336 41593.4 -32033.4 42449.1
6.05002 41569.6 -32081 43506.7
6.06669 41455.8 -32174.8 44615.3
6.08336 41250.7 -32319 45769.9
6.10002 40952.7 -32517.2 46964.9
6.11669 40560.7 -32772.7 48194.4
6.13336 40073.9 -33088 49452.4
6.15002 39491.5 -33465.1 50732.7
6.16669 38812.9 -33905.5 52028.7
6.18336 38037.8 -34410.2 53334
6.20003 37165.9 -34979.6 54641.9
6.21669 36197.3 -35613.5 55945.8
6.23336 35132.1 -36311.1 57239.1
6.25003 33970.7 -37071.3 58515.2
6.26669 32713.6 -37892.2 59767.7
6.28336 31361.6 -38771.6 60990.1
6.30003 29915.3 -39706.8 62176.3
6.31669 28375.9 -40694.6 63320.4
6.33336 26744.4 -41731.3 64416.4
6.35003 25022.3 -42813 65459
6.36669 23210.9 -43935.2 66442.8
6.38336 21311.8 -45093.2 67362.9
6.40003 19326.8 -46282 68214.4
6.4167 17257.9 -47496.2 68993
6.43336 15106.9 -48730.3 69694.6
6.45003 12876.2 -49978.5 70315.4
6.4667 10568 -51234.8 70851.9
6.48336 8184.71 -52493.1 71301
6.50003 5729.04 -53747 71659.9
6.5167 3203.72 -54990.3 71926.1
6.53336 611.622 -56216.6 72097.4
6.55003 -2044.19 -57419.3 72171.9
6.5667 -4760.52 -58592.1 72148
6.58336 -7534.02 -59728.4 72024.4
6.60003 -10361.2 -60821.9 71800.3
6.6167 -13238.3 -61866.2 71474.7
6.63336 -16161.5 -62855.2 71047.3
6.65003 -19126.9 -63782.8 70517.8
6.6667 -22130.3 -64642.8 69886.3
6.68337 -25167.2 -65429.7 69152.9
6.70003 -28233.2 -66137.8 68318.3
6.7167 -31323.5 -66761.6 67382.9
6.73337 -34433.2 -67296.2 66347.8
6.75003 -37557.4 -67736.4 65213.9
6.7667 -40690.6 -68077.9 63982.5
6.78337 -43827.5 -68316.1 62654.9
6.80003 -46962.4 -68447.2 61232.7
6.8167 -50089.6 -68467.4 59717.5
6.83337 -53202.9 -68373.4 58111.1
6.85003 -56296.3 -68162.3 56415.5
6.8667 -59363.4 -67831.6 54632.7
6.88337 -62397.7 -67379.1 52764.9
6.90003 -65392.6 -66803.1 50814.4
6.9167 -68341.3 -66102.4 48783.6
6.93337 -71236.9 -65276.2 46674.9
6.95004 -74072.4 -64324.1 44491
6.9667 -76840.8 -63246.5 42234.5
6.98337 -79534.8 -62043.9 39908.3
7.00004 -82147.2 -60717.7 37515.2
7.0167 -84670.8 -59269.6 35058.2
7.03337 -87098.4 -57701.9 32540.4
7.05004 -89422.8 -56017.7 29965
7.0667 -91636.9 -54220.3 27335.2
7.08337 -93733.6 -52313.8 24654.5
7.10004 -95706.1 -50302.9 21926.2
7.1167 -97547.6 -48192.8 19154
7.13337 -99251.8 -45989.3 16341.6
7.15004 -100812 -43698.8 13492.7
7.16671 -102223 -41328.3 10611.3
7.18337 -103479 -38885.2 7701.28
7.20004 -104575 -36377.7 4766.88
7.21671 -105506 -33814.4 1812.27
7.23337 -106267 -31204.4 -1158.19
7.25004 -106856 -28557.2 -4140.06
7.26671 -107268 -25882.8 -7128.76
7.28337 -107503 -23191.7 -10119.6
7.30004 -107557 -20494.6 -13107.9
7.31671 -107429 -17802.6 -16088.6
7.33337 -107121 -15127.2 -19056.9
7.35004 -106631 -12479.7 -22007.6
7.36671 -105962 -9871.97 -24935.5
7.38337 -105115 -7315.74 -27835.5
7.40004 -104094 -4822.78 -30702
7.41671 -102902 -2404.8 -33529.9
7.43338 -101545 -73.3578 -36313.5
7.45004 -100029 2160.2 -39047.4
7.46671 -98359.9 4284.86 -41726
7.48338 -96545.8 6289.98 -44343.8
7.50004 -94595.3 8165.41 -46895.1
7.51671 -92517.9 9901.59 -49374.5
7.53338 -90324 11489.6 -51776.4
7.55004 -88024.8 12921.2 -54095.2
7.56671 -85632.2 14189 -56325.6
7.58338 -83159 15286.6 -58462.2
7.60004 -80618.3 16208.6 -60499.6
7.61671 -78024.1 16950.4 -62432.8
7.63338 -75390.9 17508.7 -64256.8
7.65004 -72733.2 17881.5 -65966.8
7.66671 -70066.3 18067.8 -67558
7.68338 -67405.3 18067.8 -69026.1
7.70005 -64765.7 17883.4 -70366.8
7.71671 -62162.8 17517.5 -71576.3
7.73338 -59611.9 16974.3 -72650.8
7.75005 -57127.8 16259.6 -73587
7.76671 -54725.1 15380.4 -74381.8
7.78338 -52418 14344.9 -75032.5
7.80005 -50219.8 13162.7 -75536.9
7.81671 -48143.2 11844.7 -75892.9
7.83338 -46200.1 10402.7 -76099.1
7.85005 -44401.2 8849.8 -76154.2
7.86671 -42756.5 7200.11 -76057.7
7.88338 -41274.4 5468.58 -75809.3
7.90005 -39962.3 3670.97 -75409.2
7.91672 -38826.2 1823.78 -74858.1
7.93338 -37870.5 -55.9854 -74157.2
7.95005 -37098.3 -1950.84 -73308.2
7.96672 -36511.3 -3843.04 -72313.1
7.98338 -36109.3 -5714.67 -71174.8
8.00005 -35890.7 -7547.84 -69896.2
8.01672 -35852.5 -9324.78 -68481
8.03338 -35989.8 -11028 -66933.2
8.05005 -36296.4 -12640.6 -65257.6
8.06672 -36764.6 -14146.2 -63458.9
8.08338 -37385.2 -15529 -61542.8
8.10005 -38147.6 -16774.4 -59515
8.11671 -39040.1 -17868.5 -57381.9
8.13338 -40049.6 -18798.9 -55150.1
8.15005 -41162.1 -19554 -52826.5
8.16671 -42362.6 -20123.9 -50418.6
8.18338 -43635.4 -20500 -47933.9
8.20005 -44963.9 -20675.3 -45380.4
8.21671 -46331.1 -20644.1 -42766.2
8.23338 -47719.8 -20402.7 -40099.6
8.25005 -49112.4 -19948.8 -37389.1
8.26671 -50491.2 -19281.7 -34643.4
8.28338 -51838.8 -18402.4 -31871.2
8.30005 -53137.8 -17313.8 -29081.2
8.31671 -54371.4 -16019.8 -26282.3
8.33338 -55523.3 -14526.5 -23483.2
8.35004 -56577.8 -12841 -20692.6
8.36671 -57520.3 -10971.9 -17919.2
8.38338 -58336.9 -8929.34 -15171.5
8.40004 -59014.7 -6724.32 -12457.8
8.41671 -59542.2 -4369.15 -9786.08
8.43338 -59909 -1877.02 -7164.37
8.45004 -60106.1 738.019 -4600.25
8.46671 -60125.8 3461.2 -2101.02
8.48338 -59961.8 6277.22 326.307
8.50004 -59609.5 9170.32 2675.11
8.51671 -59065.5 12124.5 4939.11
8.53337 -58328 15123.5 7112.45
8.55004 -57396.6 18151.3 9189.67
8.56671 -56272.6 21191.8 11165.7
8.58337 -54958.4 24229.2 13036.1
8.60004 -53457.9 27248.1 14796.6
8.61671 -51776.3 30233.7 16443.7
8.63337 -49920.1 33171.6 17974
8.65004 -47896.8 36048.4 19385.1
8.66671 -45715 38851.4 20674.5
8.68337 -43384.5 41568.6 21840.6
8.70004 -40915.6 44189.3 22882.1
8.71671 -38319.8 46703.4 23798.3
8.73337 -35608.9 49102.3 24588.8
8.75004 -32795.4 51378.3 25253.8
8.7667 -29892.3 53524.6 25793.8
8.78337 -26912.9 55536 26209.9
8.80004 -23870.7 57408.1 26503.6
8.8167 -20779.4 59137.8 26676.7
8.83337 -17652.6 60723.1 26731.5
8.85004 -14504.1 62162.9 26670.6
8.8667 -11347.2 63457.5 26497.1
8.88337 -8195.25 64608 26214.3
8.90004 -5061.08 65616.4 25825.9
8.9167 -1957.22 66485.9 25336.1
8.93337 1104.29 67220.4 24749
8.95004 4111.95 67824.5 24069.2
8.9667 7054.81 68303.6 23301.8
8.98337 9922.57 68664 22451.6
9.00003 12705.6 68912.2 21524.2
9.0167 15394.9 69055.4 20524.9
9.03337 17982.2 69101.2 19459.7
9.05003 20460.1 69057.7 18334.3
9.0667 22821.8 68933.1 17155
9.08337 25061.3 68735.9 15927.8
9.10003 27173.4 68474.8 14659.3
9.1167 29153.6 68158.4 13355.9
9.13337 30998.2 67795.5 12024.1
9.15003 32704 67394.7 10670.7
9.1667 34268.9 66964.7 9302.42
9.18336 35691.3 66513.6 7926.12
9.20003 36970.1 66049.8 6548.69
9.2167 38105.1 65580.9 5177.04
9.23336 39096.5 65114.5 3818.12
9.25003 39945.3 64657.8 2478.92
9.2667 40653 64217.5 1166.41
9.28336 41221.4 63799.6 -112.46
9.30003 41653 63410.2 -1350.74
9.3167 41950.7 63054.2 -2541.53
9.33336 42117.9 62736.4 -3677.99
9.35003 42158.2 62461 -4753.32
9.3667 42075.8 62231.3 -5760.83
9.38336 41875 62050.3 -6693.92
9.40003 41560.5 61920.1 -7546.11
9.41669 41137.4 61842.5 -8311.04
9.43336 40610.8 61818.3 -8982.52
9.45003 39986.1 61847.9 -9554.53
9.46669 39269.1 61931 -10021.3
9.48336 38465.4 62066.4 -10377.1
9.50003 37581 62252.6 -10616.6
9.51669 36622 62487.3 -10734.9
9.53336 35594.5 62767.4 -10726.9
9.55003 34504.9 63089.6 -10588.4
9.56669 33359.4 63449.6 -10315.1
9.58336 32164.4 63842.7 -9903.27
9.60003 30926.4 64263.6 -9349.61
9.61669 29651.8 64706.4 -8651.19
9.63336 28347.1 65164.8 -7805.57
9.65002 27018.8 65632 -6810.81
9.66669 25673.4 66100.6 -5665.48
9.68336 24317.4 66563 -4368.72
9.70002 22957.1 67011.2 -2920.26
9.71669 21599.2 67436.8 -1320.43
9.73336 20249.8 67831.1 429.79
9.75002 18915.3 68185.2 2328.77
9.76669 17602.1 68490.2 4374.18
9.78336 16316.3 68736.9 6562.99
9.80002 15064.1 68916 8891.45
9.81669 13851.5 69018.5 11355.1
9.83335 12684.4 69035.2 13948.6
9.85002 11568.8 68957.1 16666.1
9.86669 10510.4 68775.5 19500.8
9.88335 9514.86 68481.9 22445.2
9.90002 8587.61 68068.3 25491.1
9.91669 7734.03 67527 28629.6
9.93335 6959.31 66850.8 31851
9.95002 6268.5 66033.2 35145
9.96669 5666.44 65068.1 38500.6
9.98335 5157.76 63950.5 41906.4
10 4746.92 62675.8 45350.1
10.0167 4438.13 61240.6 48819.3
10.0334 4235.34 59642.2 52300.9
10.05 4142.27 57878.8 55781.6
10.0667 4162.36 55949.9 59247.6
10.0834 4298.73 53856 62685.1
10.1 4554.23 51598.4 66080.1
10.1167 4931.34 49179.9 69418.6
10.1334 5432.23 46604.3 72686.7
10.15 6058.69 43876.7 75870.6
10.1667 6812.14 41003.2 78956.8
10.1833 7693.59 37991.3 81932.2
10.2 8703.66 34849.3 84784.3
10.2167 9842.52 31587 87500.9
10.2333 11109.9 28215.2 90071
10.25 12505.2 24745.6 92483.8
10.2667 14027.1 21191.1 94730.1
10.2833 15674 17565.2 96801.1
10.3 17443.9 13882.6 98689.5
10.3167 19334 10158.4 100389
10.3333 21341.3 6408.57 101895
10.35 23462.1 2649.48 103204
10.3667 25692.5 -1102.08 104313
10.3833 28027.8 -4829.06 105222
10.4 30463 -8514.29 105932
10.4167 32992.4 -12140.6 106445
10.4333 35610.1 -15691 106764
10.45 38309.7 -19148.7 106897
10.4667 41084.1 -22497.6 106848
10.4833 43926.2 -25722 106628
10.5 46828.1 -28807 106245
10.5167 49781.7 -31738.6 105711
10.5333 52778.6 -34503.8 105039
10.55 55810 -37090.9 104242
10.5667 58866.9 -39489.3 103335
10.5833 61939.9 -41690 102334
10.6 65019.4 -43685.2 101255
10.6167 68095.8 -45468.9 100117
10.6333 71159.1 -47036.8 98937.5
10.65 74199.4 -48386.1 97734.4
10.6667 77206.6 -49516 96526.5
10.6833 80170.6 -50427.3 95332.8
10.7 83081.3 -51122.6 94171.8
10.7167 85928.9 -51606.4 93062.2
10.7333 88703.3 -51885 92021.8
10.75 91394.8 -51966.1 91068.2
10.7667 93993.8 -51859.4 90218
10.7833 96491 -51575.9 89487.1
10.8 98877.4 -51128.4 88890.2
10.8167 101144 -50530.8 88440.9
10.8333 103283 -49798.3 88151.4
10.85 105285 -48947.3 88032.7
10.8667 107144 -47995.3 88094.1
10.8833 108852 -46960.3 88343.3
10.9 110401 -45861.3 88786.3
10.9167 111787 -44717.6 89427.6
10.9333 113004 -43548.9 90269.8
10.95 114045 -42375.1 91313.7
10.9667 114906 -41216 92558.5
10.9833 115584 -40091.4 94001.3
11 116074 -39020.6 95637.8
11.0167 116374 -38022.5 97462.1
11.0333 116481 -37115.3 99466.4
11.05 116393 -36316.3 101641
11.0667 116109 -35642.1 103977
11.0833 115628 -35108.1 106460
11.1 114950 -34728.4 109079
11.1167 114076 -34516.3 111818
11.1333 113005 -34483.1 114663
11.15 111740 -34639.1 117598
11.1667 110283 -34993.1 120605
11.1833 108634 -35552.3 123668
11.2 106798 -36322.1 126768
11.2167 104778 -37306.8 129888
11.2333 102576 -38508.7 133009
11.25 100197 -39928.8 136114
11.2667 97644.8 -41566.5 139184
11.2833 94924 -43419.6 142202
11.3 92039.3 -45484.6 145151
11.3167 88995.8 -47756.6 148012
11.3333 85798.7 -50229.3 150772
11.35 82453.3 -52895.1 153413
11.3667 78965.2 -55745.4 155921
11.3833 75340.1 -58770.4 158283
11.4 71583.8 -61959.5 160485
11.4167 67702.2 -65300.9 162516
11.4333 63701.2 -68782.5 164364
11.45 59586.8 -72391 166020
11.4667 55364.9 -76112.8 167475
11.4833 51041.6 -79933.9 168721
11.5 46622.8 -83839.8 169753
11.5167 42114.4 -87815.6 170563
11.5333 37522.3 -91846.5 171149
11.55 32852.2 -95917.4 171506
11.5667 28109.9 -100013 171633
11.5833 23301.1 -104119 171528
11.6 18431.1 -108220 171191
11.6167 13505.5 -112301 170622
11.6333 8529.66 -116349 169824
11.65 3508.72 -120349 168798
11.6667 -1552.17 -124288 167547
11.6833 -6647.99 -128152 166076
11.7 -11773.8 -131929 164388
11.7167 -16924.8 -135606 162489
11.7333 -22096.3 -139173 160384
11.75 -27283.7 -142617 158080
11.7667 -32482.2 -145929 155582
11.7833 -37687.6 -149099 152897
11.8 -42895.3 -152118 150033
11.8167 -48100.9 -154976 146997
11.8333 -53300.1 -157666 143795
11.85 -58488.6 -160181 140437
11.8667 -63662 -162513 136929
11.8833 -68816.1 -164658 133279
11.9 -73946.6 -166608 129495
11.9167 -79049 -168360 125585
11.9333 -84119.1 -169909 121556
11.95 -89152.4 -171250 117416
11.9667 -94144.4 -172382 113173
11.9833 -99090.6 -173302 108833
12 -103986 -174007 104405
12.0167 -108827 -174495 99894.2
12.0333 -113608 -174767 95308.3
12.05 -118324 -174821 90653.8
12.0667 -122970 -174657 85937.2
12.0833 -127542 -174276 81164.6
12.1 -132033 -173680 76342
12.1167 -136439 -172868 71475.2
12.1333 -140754 -171844 66569.7
12.15 -144973 -170610 61631.1
12.1667 -149090 -169168 56664.3
12.1833 -153099 -167523 51674.5
12.2 -156995 -165677 46666.4
12.2167 -160772 -163636 41644.5
12.2333 -164424 -161405 36613.5
12.25 -167945 -158988 31577.6
12.2667 -171330 -156391 26540.9
12.2833 -174572 -153621 21507.5
12.3 -177665 -150684 16481.4
12.3167 -180605 -147588 11466.4
12.3333 -183385 -144340 6466.23
12.35 -186000 -140949 1484.62
12.3666 -188445 -137422 -3474.8
12.3833 -190714 -133770 -8408.44
12.4 -192804 -130002 -13312.7
12.4166 -194709 -126127 -18184.1
12.4333 -196425 -122156 -23019
12.45 -197950 -118101 -27813.9
12.4666 -199279 -113971 -32565.2
12.4833 -200410 -109779 -37269.2
12.5 -201340 -105537 -41922.4
12.5166 -202069 -101257 -46521
12.5333 -202595 -96950.5 -51061.3
12.55 -202917 -92631.2 -55539.5
12.5666 -203037 -88311.6 -59951.8
12.5833 -202955 -84004.7 -64294.1
12.6 -202673 -79723.4 -68562.6
12.6166 -202194 -75480.7 -72753.1
12.6333 -201522 -71289.6 -76861.6
12.65 -200660 -67162.8 -80883.8
12.6666 -199615 -63112.8 -84815.6
12.6833 -198392 -59152.1 -88652.7
12.7 -196998 -55292.6 -92390.7
12.7166 -195442 -51545.6 -96025.3
12.7333 -193732 -47922.3 -99552.1
12.75 -191878 -44433.1 -102967
12.7666 -189890 -41087.5 -106265
12.7833 -187779 -37894.5 -109442
12.8 -185558 -34862.3 -112494
12.8166 -183239 -31998 -115417
12.8333 -180836 -29307.9 -118206
12.85 -178362 -26796.9 -120857
12.8666 -175832 -24469.2 -123366
12.8833 -173261 -22327.6 -125729
12.9 -170663 -20373.7 -127943
12.9166 -168053 -18607.8 -130004
12.9333 -165448 -17028.9 -131909
12.95 -162863 -15634.8 -133654
12.9666 -160312 -14421.8 -135236
12.9833 -157812 -13384.9 -136654
13 -155375 -12517.9 -137904
13.0166 -153018 -11813 -138984
13.0333 -150752 -11261.5 -139892
13.05 -148592 -10853 -140628
13.0666 -146549 -10576.4 -141190
13.0833 -144634 -10419.2 -141577
13.1 -142857 -10367.9 -141790
13.1166 -141228 -10408.2 -141827
13.1333 -139754 -10524.7 -141691
13.15 -138441 -10701.6 -141381
13.1666 -137294 -10922.4 -140899
13.1833 -136317 -11169.8 -140246
13.2 -135512 -11426.7 -139426
13.2166 -134879 -11675.4 -138441
13.2333 -134418 -11898.4 -137294
13.25 -134126 -12078.1 -135989
13.2666 -133999 -12197.2 -134529
13.2833 -134030 -12238.9 -132919
13.3 -134214 -12186.8 -131165
13.3166 -134542 -12025.4 -129271
13.3333 -135003 -11739.8 -127244
13.35 -135587 -11316.1 -125089
13.3666 -136281 -10741.5 -122812
13.3833 -137072 -10004.4 -120422
13.4 -137945 -9094.54 -117924
13.4166 -138885 -8002.94 -115326
13.4333 -139877 -6722.13 -112636
13.45 -140903 -5246.14 -109861
13.4666 -141947 -3570.56 -107010
13.4833 -142992 -1692.61 -104090
13.5 -144020 388.925 -101111
13.5166 -145015 2673.6 -98080.2
13.5333 -145959 5159.4 -95006.2
13.55 -146835 7842.71 -91897.6
13.5666 -147628 10718.4 -88762.7
13.5833 -148321 13779.9 -85609.9
13.6 -148901 17019.2 -82447.4
13.6166 -149352 20427 -79283.4
13.6333 -149663 23992.8 -76125.8
13.65 -149821 27705 -72982.4
13.6666 -149816 31550.9 -69860.6
13.6833 -149638 35517.1 -66767.8
13.7 -149279 39589.3 -63710.7
13.7166 -148733 43752.6 -60696.2
13.7333 -147994 47991.8 -57730.3
13.75 -147059 52291.2 -54819.1
13.7666 -145925 56635 -51968
13.7833 -144591 61007.2 -49182.1
13.8 -143058 65392 -46466
13.8166 -141327 69773.7 -43824.1
13.8333 -139402 74137 -41259.9
13.85 -137287 78466.9 -38776.9
13.8666 -134988 82749.2 -36377.7
13.8833 -132512 86970.1 -34064.9
13.9 -129866 91116.7 -31840.1
13.9166 -127060 95176.6 -29704.9
13.9333 -124103 99138.8 -27660
13.95 -121005 102993 -25706
13.9666 -117779 106729 -23842.8
13.9833 -114435 110340 -22069.9
14 -110986 113817 -20386.3
14.0166 -107444 117155 -18790.6
14.0333 -103823 120348 -17281.2
14.05 -100134 123393 -15855.7
14.0666 -96392.7 126286 -14511.5
14.0833 -92610.3 129025 -13245.7
14.1 -88800.1 131610 -12054.9
14.1166 -84974.8 134040 -10935.4
14.1333 -81146.6 136316 -9883.27
14.15 -77327.7 138440 -8894.14
14.1666 -73529.4 140415 -7963.42
14.1833 -69762.8 142243 -7086.28
14.2 -66038.5 143929 -6257.6
14.2166 -62366.2 145477 -5472.06
14.2333 -58755.2 146892 -4724.15
14.25 -55214.1 148180 -4008.15
14.2666 -51750.6 149347 -3318.21
14.2833 -48371.9 150398 -2648.33
14.3 -45084.5 151341 -1992.36
14.3166 -41893.8 152182 -1344.09
14.3333 -38804.9 152928 -697.204
14.35 -35821.9 153586 -45.34
14.3666 -32948.2 154162 617.917
14.3833 -30186.5 154663 1299
14.4 -27538.8 155095 2004.34
14.4166 -25006.4 155465 2740.37
14.4333 -22589.9 155779 3513.46
14.45 -20289.4 156042 4329.94
14.4666 -18104.1 156260 5196.08
14.4833 -16033 156437 6118.02
14.5 -14074.2 156579 7101.83
14.5166 -12225.6 156689 8153.41
14.5333 -10484.3 156770 9278.52
14.5499 -8847.13 156826 10482.7
14.5666 -7310.46 156858 11771.5
14.5833 -5870.27 156870 13149.9
14.5999 -4522.19 156861 14622.9
14.6166 -3261.52 156834 16195.2
14.6333 -2083.24 156787 17871.1
14.6499 -982.125 156720 19654.8
14.6666 47.3337 156633 21549.9
14.6833 1010.83 156523 23559.9
14.6999 1914.22 156389 25687.8
14.7166 2763.54 156227 27936.1
14.7333 3564.93 156035 30307
14.7499 4324.64 155808 32802.3
14.7666 5049 155543 35423.1
14.7833 5744.39 155234 38170.3
14.7999 6417.23 154876 41043.9
14.8166 7073.96 154463 44043.6
14.8333 7721.01 153991 47168.6
14.8499 8364.79 153452 50417.3
14.8666 9011.69 152840 53787.5
14.8833 9668.03 152148 57276.5
14.8999 10340.1 151370 60880.9
14.9166 11034 150499 64596.6
14.9333 11755.8 149527 68418.9
14.9499 12511.5 148448 72342.3
14.9666 13307 147255 76360.8
14.9833 14147.8 145940 80467.6
14.9999 15039.6 144498 84655.3
15.0166 15987.8 142923 88915.6
15.0333 16997.4 141208 93240
15.0499 18073.4 139347 97618.9
15.0666 19220.8 137337 102042
15.0833 20443.9 135171 106500
15.0999 21747.1 132847 110980
15.1166 23134.4 130362 115472
15.1333 24609.7 127712 119962
15.1499 26176.4 124896 124440
15.1666 27837.7 121914 128891
15.1833 29596.5 118766 133303
15.1999 31455.4 115451 137662
15.2166 33416.6 111974 141956
15.2333 35481.9 108336 146170
15.2499 37652.8 104543 150291
15.2666 39930.4 100598 154306
15.2833 42315.4 96509.4 158202
15.2999 44808.1 92283.4 161966
15.3166 47408.3 87929 165586
15.3333 50115.4 83455.8 169051
15.3499 52928.4 78874.3 172348
15.3666 55845.8 74196.3 175469
15.3833 58865.6 69434.3 178403
15.3999 61985.4 64602 181142
15.4166 65202.3 59713.6 183678
15.4333 68512.8 54784.3 186005
15.4499 71913 49829.8 188119
15.4666 75398.6 44866.5 190014
15.4833 78964.6 39911.2 191690
15.4999 82605.8 34981 193144
15.5166 86316.3 30093.2 194377
15.5333 90089.8 25265.2 195392
15.5499 93919.6 20514.3 196192
15.5666 97798.4 15857.7 196781
15.5833 101719 11312 197168
15.5999 105673 6893.46 197359
15.6166 109651 2617.71 197365
15.6333 113647 -1500.55 197197
15.6499 117649 -5447.52 196867
15.6666 121649 -9210.53 196390
15.6833 125638 -12778.1 195781
15.6999 129605 -16140.3 195056
15.7166 133540 -19288.3 194232
15.7333 137434 -22215.3 193329
15.7499 141275 -24915.9 192364
15.7666 145053 -27386.6 191357
15.7833 148758 -29625.7 190329
15.7999 152380 -31633.4 189300
15.8166 155907 -33411.8 188290
15.8333 159330 -34964.9 187320
15.8499 162639 -36298.7 186409
15.8666 165823 -37421 185577
15.8833 168873 -38341.7 184844
15.8999 171780 -39072.3 184226
15.9166 174533 -39626.1 183742
15.9333 177125 -40017.9 183408
15.9499 179547 -40264.3 183237
15.9666 181791 -40383.1 183244
15.9833 183850 -40393.4 183440
15.9999 185716 -40315.3 183835
16.0166 187383 -40170.1 184437
16.0333 188846 -39979.6 185253
16.0499 190098 -39766.3 186286
16.0666 191135 -39553.1 187540
16.0833 191953 -39362.8 189015
16.0999 192549 -39218.7 190708
16.1166 192919 -39143.5 192617
16.1333 193061 -39159.6 194736
16.1499 192974 -39289 197058
16.1666 192656 -39552.7 199572
16.1833 192108 -39970.9 202269
16.1999 191330 -40562.6 205134
16.2166 190321 -41345.7 208155
16.2333 189085 -42336.7 211314
16.2499 187622 -43550.5 214595
16.2666 185936 -45000.4 217980
16.2833 184029 -46698 221450
16.2999 181905 -48653.3 224984
16.3166 179568 -50874.2 228563
16.3333 177022 -53366.9 232164
16.3499 174272 -56135.6 235768
16.3666 171324 -59182.8 239351
16.3833 168182 -62508.8 242893
16.3999 164852 -66112.4 246373
16.4166 161340 -69990.2 249769
16.4333 157653 -74137.4 253061
16.4499 153797 -78547.3 256230
16.4666 149777 -83211.7 259256
16.4833 145602 -88120.8 262123
16.4999 141276 -93263.4 264811
16.5166 136807 -98627.1 267307
16.5333 132202 -104198 269594
16.5499 127466 -109962 271660
16.5666 122606 -115903 273493
16.5833 117628 -122005 275081
16.5999 112539 -128250 276415
16.6166 107344 -134622 277487
16.6333 102049 -141101 278291
16.6499 96659.2 -147670 278821
16.6666 91180.7 -154310 279074
16.6833 85618 -161002 279046
16.6999 79976.1 -167727 278737
16.7166 74259.4 -174469 278147
16.7332 68472.1 -181207 277277
16.7499 62618.1 -187924 276128
16.7666 56701.2 -194603 274706
16.7832 50724.8 -201227 273013
16.7999 44691.9 -207779 271056
16.8166 38605.3 -214242 268839
16.8332 32467.6 -220603 266371
16.8499 26281.1 -226846 263658
16.8666 20047.9 -232956 260709
16.8832 13769.8 -238922 257531
16.8999 7448.35 -244729 254135
16.9166 1084.97 -250367 250528
16.9332 -5319.1 -255823 246721
16.9499 -11762.8 -261088 242723
16.9666 -18245.2 -266151 238544
16.9832 -24765.4 -271003 234193
16.9999 -31322.6 -275637 229680
17.0166 -37916.3 -280043 225015
17.0332 -44545.7 -284215 220207
17.0499 -51210 -288145 215265
17.0666 -57908.7 -291829 210199
17.0832 -64640.9 -295258 205016
17.0999 -71405.7 -298430 199725
17.1166 -78202.1 -301338 194334
17.1332 -85028.9 -303978 188851
17.1499 -91884.7 -306347 183283
17.1666 -98768 -308439 177636
17.1832 -105677 -310253 171918
17.1999 -112609 -311785 166133
17.2166 -119562 -313032 160287
17.2332 -126533 -313991 154385
17.2499 -133519 -314660 148433
17.2666 -140516 -315037 142433
17.2832 -147521 -315120 136390
17.2999 -154528 -314908 130307
17.3166 -161532 -314399 124187
17.3332 -168529 -313591 118033
17.3499 -175512 -312485 111847
17.3666 -182474 -311078 105631
17.3832 -189408 -309372 99387.1
17.3999 -196308 -307365 93115.9
17.4166 -203164 -305059 86818.8
17.4332 -209968 -302453 80496.9
17.4499 -216710 -299549 74151
17.4666 -223381 -296349 67781.6
17.4832 -229971 -292854 61389.4
17.4999 -236468 -289066 54974.6
17.5166 -242861 -284990 48537.6
17.5332 -249139 -280628 42078.8
17.5499 -255289 -275985 35598.5
17.5666 -261299 -271066 29097
17.5832 -267156 -265878 22574.8
17.5999 -272847 -260425 16032.4
17.6166 -278359 -254717 9470.37
17.6332 -283677 -248761 2889.52
17.6499 -288790 -242566 -3709.19
17.6666 -293683 -236143 -10324.6
17.6832 -298343 -229503 -16955.4
17.6999 -302756 -222658 -23599.8
17.7166 -306911 -215621 -30256
17.7332 -310795 -208406 -36921.8
17.7499 -314395 -201028 -43594.6
17.7666 -317700 -193504 -50271.7
17.7832 -320700 -185851 -56949.8
17.7999 -323384 -178087 -63625.4
17.8166 -325745 -170230 -70294.5
17.8332 -327773 -162301 -76952.9
17.8499 -329463 -154321 -83595.8
17.8666 -330808 -146310 -90218.2
17.8832 -331805 -138291 -96814.6
17.8999 -332450 -130286 -103379
17.9166 -332743 -122319 -109905
17.9332 -332684 -114412 -116387
17.9499 -332275 -106591 -122816
17.9666 -331519 -98877.3 -129187
17.9832 -330423 -91295.7 -135490
17.9999 -328994 -83869.6 -141718
18.0166 -327240 -76621.9 -147862
18.0332 -325174 -69575.2 -153914
18.0499 -322808 -62751.4 -159864
18.0666 -320157 -56171.3 -165704
18.0832 -317238 -49855 -171423
18.0999 -314069 -43821.1 -177013
18.1166 -310670 -38086.9 -182463
18.1332 -307063 -32668.1 -187763
18.1499 -303271 -27578.8 -192903
18.1666 -299318 -22831.1 -197874
18.1832 -295231 -18435 -202665
18.1999 -291036 -14398.7 -207266
18.2166 -286760 -10727.7 -211668
18.2332 -282433 -7425.45 -215860
18.2499 -278082 -4492.72 -219833
18.2666 -273738 -1927.89 -223578
18.2832 -269428 273.294 -227086
18.2999 -265183 2117.67 -230348
18.3166 -261030 3614.68 -233356
18.3332 -256998 4776.35 -236103
18.3499 -253113 5617.24 -238580
18.3666 -249402 6154.4 -240782
18.3832 -245889 6407.25 -242702
18.3999 -242596 6397.46 -244334
18.4166 -239546 6148.83 -245674
18.4332 -236757 5687.11 -246718
18.4499 -234246 5039.85 -247463
18.4666 -232028 4236.16 -247905
18.4832 -230115 3306.49 -248044
18.4999 -228516 2282.41 -247877
18.5166 -227238 1196.37 -247406
18.5332 -226285 81.3965 -246630
18.5499 -225658 -1029.14 -245552
18.5666 -225355 -2101.84 -244175
18.5832 -225372 -3103.5 -242501
18.5999 -225700 -4001.45 -240534
18.6166 -226329 -4763.79 -238281
18.6332 -227246 -5359.68 -235747
18.6499 -228435 -5759.6 -232939
18.6666 -229878 -5935.6 -229865
18.6832 -231554 -5861.52 -226533
18.6999 -233440 -5513.21 -222953
18.7166 -235512 -4868.76 -219134
18.7332 -237743 -3908.64 -215087
18.7499 -240104 -2615.85 -210824
18.7666 -242568 -976.07 -206356
18.7832 -245103 1022.24 -201695
18.7999 -247679 3387.79 -196855
18.8166 -250264 6126.41 -191849
18.8332 -252828 9240.99 -186689
18.8499 -255338 12731.6 -181391
18.8666 -257764 16595.3 -175968
18.8832 -260075 20826.5 -170434
18.8999 -262242 25416.9 -164803
18.9165 -264237 30355.6 -159090
18.9332 -266033 35629.1 -153310
18.9499 -267605 41221.8 -147476
18.9665 -268929 47115.9 -141602
18.9832 -269983 53291.6 -135702
18.9999 -270748 59727.5 -129789
19.0165 -271206 66400.7 -123877
19.0332 -271343 73286.8 -117979
19.0499 -271145 80360.6 -112105
19.0665 -270603 87595.9 -106269
19.0832 -269708 94965.8 -100482
19.0999 -268456 102443 -94753.3
19.1165 -266843 110001 -89093.8
19.1332 -264868 117613 -83512.5
19.1499 -262534 125250 -78018.1
19.1665 -259845 132887 -72618.6
19.1832 -256806 140499 -67321.1
19.1999 -253426 148060 -62132
19.2165 -249716 155546 -57057.1
19.2332 -245686 162935 -52101.2
19.2499 -241352 170205 -47268.4
19.2665 -236727 177336 -42562.1
19.2832 -231828 184310 -37984.9
19.2999 -226673 191110 -33538.5
19.3165 -221280 197720 -29224
19.3332 -215670 204126 -25041.8
19.3499 -209861 210317 -20991.3
19.3665 -203874 216282 -17071.5
19.3832 -197730 222013 -13280.4
19.3999 -191450 227501 -9615.62
19.4165 -185056 232743 -6073.94
19.4332 -178567 237733 -2651.56
19.4499 -172005 242470 655.883
19.4665 -165389 246952 3853.35
19.4832 -158740 251180 6946.32
19.4999 -152077 255156 9940.8
19.5165 -145417 258882 12843.2
19.5332 -138779 262362 15660.6
19.5499 -132179 265601 18400.1
19.5665 -125633 268605 21069.5
19.5832 -119156 271379 23676.9
19.5999 -112762 273932 26230.5
19.6165 -106462 276270 28739.1
19.6332 -100270 278401 31211.3
19.6499 -94195.2 280333 33656.3
19.6665 -88247 282076 36083.3
19.6832 -82434 283637 38501.7
19.6999 -76763.1 285025 40920.8
19.7165 -71240.4 286249 43350.1
19.7332 -65871.1 287316 45799.1
19.7499 -60658.9 288234 48277.4
19.7665 -55606.8 289011 50794.3
19.7832 -50716.6 289655 53359.1
19.7999 -45989.4 290170 55981.1
19.8165 -41425.2 290565 58669.3
19.8332 -37023.2 290844 61432.4
19.8499 -32781.5 291011 64279
19.8665 -28697.9 291072 67217.4
19.8832 -24769 291028 70255.4
19.8999 -20990.9 290884 73400.6
19.9165 -17359.2 290640 76660.1
19.9332 -13868.5 290297 80040.4
19.9499 -10513.3 289857 83547.9
19.9665 -7287.1 289317 87187.9
19.9832 -4183.35 288678 90965.5
19.9999 -1194.87 287936 94885.1
