0 0 0 3.33061
0.0166667 0 0 6.6585
0.0333333 0 0 9.98367
0.05 0 0 13.3061
0.0666667 0 0 16.6258
0.0833333 0 0 19.9428
0.1 0 0 23.2571
0.116667 0 0 26.5687
0.133333 0 0 29.8775
0.15 0 0 33.1836
0.166667 0 0 36.487
0.183333 0 0 39.7877
0.2 0 0 43.0856
0.216667 0 0 46.3808
0.233333 0 0 49.6733
0.25 0 0 52.9631
0.266667 0 0 56.2502
0.283333 0 0 59.5345
0.3 0 0 62.8161
0.316667 0 0 66.095
0.333333 0 0 69.3712
0.35 0 0 72.6446
0.366667 0 0 75.9153
0.383333 0 0 79.1833
0.4 0 0 82.4486
0.416667 0 0 85.7112
0.433333 0 0 88.971
0.45 0 0 92.2281
0.466666 0 0 95.4825
0.483333 0 0 98.7342
0.5 0 0 101.983
0.516666 0 0 105.229
0.533333 0 0 108.473
0.55 0 0 111.714
0.566666 0 0 114.952
0.583333 0 0 118.187
0.6 0 0 121.42
0.616666 0 0 124.65
0.633333 0 0 127.877
0.65 0 0 131.101
0.666666 0 0 134.323
0.683333 0 0 137.542
0.7 0 0 140.758
0.716666 0 0 143.972
0.733333 0 0 147.183
0.75 0 0 150.391
0.766666 0 0 153.596
0.783333 0 0 156.799
0.799999 0 0 159.999
0.816666 0 0 163.196
0.833333 0 0 166.39
0.849999 0 0 169.582
0.866666 0 0 172.771
0.883333 0 0 175.958
0.899999 0 0 179.141
0.916666 0 0 182.322
0.933333 0 0 185.5
0.949999 0 0 188.676
0.966666 0 0 191.848
0.983333 0 0 195.018
0.999999 0 0 198.186
1.01667 0 0 201.35
1.03333 0 0 204.512
1.05 0 0 207.671
1.06667 0 0 210.828
1.08333 0 0 213.981
1.1 0 0 217.132
1.11667 0 0 220.28
1.13333 0 0 223.426
1.15 0 0 226.569
1.16667 0 0 229.709
1.18333 0 0 232.846
1.2 0 0 235.981
1.21667 0 0 239.113
1.23333 0 0 242.242
1.25 0 0 245.368
1.26667 0 0 248.492
1.28333 0 0 251.613
1.3 0 0 254.731
1.31667 0 0 257.847
1.33333 0 0 260.96
1.35 0 0 264.07
1.36667 0 0 267.177
1.38333 0 0 270.282
1.4 0 0 273.384
1.41667 0 0 276.483
1.43333 0 0 279.58
1.45 0 0 282.673
1.46667 0 0 285.764
1.48333 0 0 288.853
1.5 0 0 291.938
1.51667 0 0 295.021
1.53333 0 0 298.101
1.55 0 0 301.179
1.56667 0 0 304.254
1.58333 0 0 307.326
1.6 0 0 310.395
1.61667 0 0 313.461
1.63333 0 0 316.525
1.65 0 0 319.586
1.66667 0 0 322.645
1.68333 0 0 325.7
1.7 0 0 328.753
1.71667 0 0 331.804
1.73333 0 0 334.851
1.75 0 0 337.896
1.76667 0 0 340.938
1.78333 0 0 343.977
1.8 0 0 347.014
1.81667 0 0 350.048
1.83333 0 0 353.079
1.85 0 0 356.107
1.86667 0 0 359.133
1.88333 0 0 362.156
1.9 0 0 365.176
1.91667 0 0 368.194
1.93333 0 0 371.209
1.95 0 0 374.221
1.96667 0 0 377.23
1.98333 0 0 380.237
2 0 0 383.241
2.01666 0 0 386.242
2.03333 0 0 389.241
2.05 0 0 392.236
2.06666 0 0 395.23
2.08333 0 0 398.22
2.1 0 0 401.207
2.11666 0 0 404.192
2.13333 0 0 407.175
2.15 0 0 410.154
2.16666 0 0 413.131
2.18333 0 0 416.105
2.2 0 0 419.076
2.21666 0 0 422.045
2.23333 0 0 425.01
2.25 0 0 427.974
2.26666 0 0 430.934
2.28333 0 0 433.892
2.3 0 0 436.847
2.31666 0 0 439.799
2.33333 0 0 442.748
2.35 0 0 445.695
2.36666 0 0 448.639
2.38333 0 0 451.58
2.4 0 0 454.519
2.41666 0 0 457.455
2.43333 0 0 460.388
2.45 0 0 463.319
2.46666 0 0 466.246
2.48333 0 0 469.171
2.5 0 0 472.094
2.51666 0 0 475.013
2.53333 0 0 477.93
2.55 0 0 480.844
2.56666 0 0 483.756
2.58333 0 0 486.664
2.6 0 0 489.57
2.61666 0 0 492.473
2.63333 0 0 495.374
2.65 0 0 498.272
2.66666 0 0 501.167
2.68333 0 0 504.059
2.7 0 0 506.949
2.71666 0 0 509.836
2.73333 0 0 512.72
2.75 0 0 515.601
2.76666 0 0 518.48
2.78333 0 0 521.356
2.8 0 0 524.229
2.81666 0 0 527.1
2.83333 0 0 529.968
2.85 0 0 532.833
2.86666 0 0 535.695
2.88333 0 0 538.555
2.9 0 0 541.412
2.91666 0 0 544.266
2.93333 0 0 547.118
2.95 0 0 549.966
2.96666 0 0 552.812
2.98333 0 0 555.656
3 0 0 558.496
3.01666 0 0 561.334
3.03333 0 0 564.169
3.05 0 0 567.002
3.06666 0 0 569.832
3.08333 0 0 572.659
3.1 0 0 575.483
3.11666 0 0 578.305
3.13333 0 0 581.123
3.15 0 0 583.94
3.16666 0 0 586.753
3.18333 0 0 589.564
3.2 0 0 592.372
3.21666 0 0 595.177
3.23333 0 0 597.979
3.25 0 0 600.779
3.26666 0 0 603.576
3.28333 0 0 606.371
3.3 0 0 609.162
3.31666 0 0 611.951
3.33333 0 0 614.737
3.35 0 0 617.521
3.36666 0 0 620.301
3.38333 0 0 623.079
3.4 0 0 625.855
3.41666 0 0 628.627
3.43333 0 0 631.397
3.45 0 0 634.164
3.46666 0 0 636.929
3.48333 0 0 639.69
3.5 0 0 642.449
3.51666 0 0 645.206
3.53333 0 0 647.959
3.55 0 0 650.71
3.56666 0 0 653.458
3.58333 0 0 656.203
3.6 0 0 658.946
3.61666 0 0 661.686
3.63333 0 0 664.423
3.65 0 0 667.157
3.66666 0 0 669.889
3.68333 0 0 672.618
3.7 0 0 675.345
3.71666 0 0 678.068
3.73333 0 0 680.789
3.75 0 0 683.507
3.76666 0 0 686.222
3.78333 0 0 688.935
3.8 0 0 691.645
3.81666 0 0 694.352
3.83333 0 0 697.057
3.85 0 0 699.759
3.86666 0 0 702.458
3.88333 0 0 705.154
3.9 0 0 707.848
3.91666 0 0 710.539
3.93333 0 0 713.227
3.95 0 0 715.912
3.96666 0 0 718.595
3.98333 0 0 721.275
4 0 0 723.952
4.01666 0 0 726.627
4.03333 0 0 729.299
4.05 0 0 731.968
4.06666 0 0 734.634
4.08333 0 0 737.298
4.1 0 0 739.959
4.11666 0 0 742.617
4.13333 0 0 745.273
4.15 0 0 747.925
4.16667 0 0 750.576
4.18333 0 0 753.223
4.2 0 0 755.868
4.21667 0 0 758.509
4.23333 0 0 761.149
4.25 0 0 763.785
4.26667 0 0 766.419
4.28333 0 0 769.05
4.3 0 0 771.678
4.31667 0 0 774.304
4.33333 0 0 776.927
4.35 0 0 779.547
4.36667 0 0 782.164
4.38333 0 0 784.779
4.4 0 0 787.391
4.41667 0 0 790
4.43334 0 0 792.607
4.45 0 0 795.21
4.46667 0 0 797.811
4.48334 0 0 800.41
4.5 0 0 803.005
4.51667 0 0 805.598
4.53334 0 0 808.188
4.55 0 0 810.776
4.56667 0 0 813.361
4.58334 0 0 815.943
4.6 0 0 818.522
4.61667 0 0 821.099
4.63334 0 0 823.672
4.65 0 0 826.244
4.66667 0 0 828.812
4.68334 0 0 831.378
4.70001 0 0 833.941
4.71667 0 0 836.501
4.73334 0 0 839.058
4.75001 0 0 841.613
4.76667 0 0 844.165
4.78334 0 0 846.715
4.80001 0 0 849.261
4.81667 0 0 851.805
4.83334 0 0 854.346
4.85001 0 0 856.885
4.86667 0 0 859.421
4.88334 0 0 861.954
4.90001 0 0 864.484
4.91668 0 0 867.011
4.93334 0 0 869.536
4.95001 0 0 872.058
4.96668 0 0 874.578
4.98334 0 0 877.094
5.00001 0 0 879.608
5.01668 0 0 882.12
5.03334 0 0 884.628
5.05001 0 0 887.134
5.06668 0 0 889.637
5.08334 0 0 892.137
5.10001 0 0 894.635
5.11668 0 0 897.13
5.13334 0 0 899.622
5.15001 0 0 902.112
5.16668 0 0 904.598
5.18335 0 0 907.082
5.20001 0 0 909.564
5.21668 0 0 912.042
5.23335 0 0 914.518
5.25001 0 0 916.991
5.26668 0 0 919.462
5.28335 0 0 921.929
5.30001 0 0 924.394
5.31668 0 0 926.857
5.33335 0 0 929.316
5.35001 0 0 931.773
5.36668 0 0 934.227
5.38335 0 0 936.678
5.40001 0 0 939.127
5.41668 0 0 941.573
5.43335 0 0 944.016
5.45002 0 0 946.457
5.46668 0 0 948.894
5.48335 0 0 951.329
5.50002 0 0 953.762
5.51668 0 0 956.191
5.53335 0 0 958.618
5.55002 0 0 961.042
5.56668 0 0 963.464
5.58335 0 0 965.882
5.60002 0 0 968.298
5.61668 0 0 970.711
5.63335 0 0 973.122
5.65002 0 0 975.53
5.66669 0 0 977.935
5.68335 0 0 980.337
5.70002 0 0 982.737
5.71669 0 0 985.134
5.73335 0 0 987.528
5.75002 0 0 989.919
5.76669 0 0 992.308
5.78335 0 0 994.694
5.80002 0 0 997.078
5.81669 0 0 999.458
5.83335 0 0 1001.84
5.85002 0 0 1004.21
5.86669 0 0 1006.58
5.88335 0 0 1008.95
5.90002 0 0 1011.32
5.91669 0 0 1013.68
5.93336 0 0 1016.05
5.95002 0 0 1018.4
5.96669 0 0 1020.76
5.98336 0 0 1023.11
6.00002 0 0 1025.46
6.01669 0 0 1027.81
6.03336 0 0 1030.16
6.05002 0 0 1032.5
6.06669 0 0 1034.84
6.08336 0 0 1037.18
6.10002 0 0 1039.51
6.11669 0 0 1041.84
6.13336 0 0 1044.17
6.15002 0 0 1046.5
6.16669 0 0 1048.82
6.18336 0 0 1051.14
6.20003 0 0 1053.46
6.21669 0 0 1055.78
6.23336 0 0 1058.09
6.25003 0 0 1060.4
6.26669 0 0 1062.7
6.28336 0 0 1065.01
6.30003 0 0 1067.31
6.31669 0 0 1069.61
6.33336 0 0 1071.91
6.35003 0 0 1074.2
6.36669 0 0 1076.49
6.38336 0 0 1078.78
6.40003 0 0 1081.06
6.4167 0 0 1083.35
6.43336 0 0 1085.63
6.45003 0 0 1087.9
6.4667 0 0 1090.18
6.48336 0 0 1092.45
6.50003 0 0 1094.72
6.5167 0 0 1096.98
6.53336 0 0 1099.25
6.55003 0 0 1101.51
6.5667 0 0 1103.77
6.58336 0 0 1106.02
6.60003 0 0 1108.27
6.6167 0 0 1110.52
6.63336 0 0 1112.77
6.65003 0 0 1115.02
6.6667 0 0 1117.26
6.68337 0 0 1119.5
6.70003 0 0 1121.73
6.7167 0 0 1123.97
6.73337 0 0 1126.2
6.75003 0 0 1128.43
6.7667 0 0 1130.65
6.78337 0 0 1132.87
6.80003 0 0 1135.09
6.8167 0 0 1137.31
6.83337 0 0 1139.53
6.85003 0 0 1141.74
6.8667 0 0 1143.95
6.88337 0 0 1146.15
6.90003 0 0 1148.36
6.9167 0 0 1150.56
6.93337 0 0 1152.76
6.95004 0 0 1154.95
6.9667 0 0 1157.14
6.98337 0 0 1159.33
7.00004 0 0 1161.52
7.0167 0 0 1163.71
7.03337 0 0 1165.89
7.05004 0 0 1168.07
7.0667 0 0 1170.24
7.08337 0 0 1172.42
7.10004 0 0 1174.59
7.1167 0 0 1176.76
7.13337 0 0 1178.92
7.15004 0 0 1181.08
7.16671 0 0 1183.24
7.18337 0 0 1185.4
7.20004 0 0 1187.56
7.21671 0 0 1189.71
7.23337 0 0 1191.86
7.25004 0 0 1194
7.26671 0 0 1196.15
7.28337 0 0 1198.29
7.30004 0 0 1200.43
7.31671 0 0 1202.56
7.33337 0 0 1204.7
7.35004 0 0 1206.83
7.36671 0 0 1208.95
7.38337 0 0 1211.08
7.40004 0 0 1213.2
7.41671 0 0 1215.32
7.43338 0 0 1217.44
7.45004 0 0 1219.55
7.46671 0 0 1221.66
7.48338 0 0 1223.77
7.50004 0 0 1225.87
7.51671 0 0 1227.98
7.53338 0 0 1230.08
7.55004 0 0 1232.17
7.56671 0 0 1234.27
7.58338 0 0 1236.36
7.60004 0 0 1238.45
7.61671 0 0 1240.54
7.63338 0 0 1242.62
7.65004 0 0 1244.7
7.66671 0 0 1246.78
7.68338 0 0 1248.86
7.70005 0 0 1250.93
7.71671 0 0 1253
7.73338 0 0 1255.07
7.75005 0 0 1257.13
7.76671 0 0 1259.19
7.78338 0 0 1261.25
7.80005 0 0 1263.31
7.81671 0 0 1265.36
7.83338 0 0 1267.42
7.85005 0 0 1269.46
7.86671 0 0 1271.51
7.88338 0 0 1273.55
7.90005 0 0 1275.59
7.91672 0 0 1277.63
7.93338 0 0 1279.67
7.95005 0 0 1281.7
7.96672 0 0 1283.73
7.98338 0 0 1285.75
8.00005 0 0 1287.78
8.01672 0 0 1289.8
8.03338 0 0 1291.82
8.05005 0 0 1293.83
8.06672 0 0 1295.85
8.08338 0 0 1297.86
8.10005 0 0 1299.86
8.11671 0 0 1301.87
8.13338 0 0 1303.87
8.15005 0 0 1305.87
8.16671 0 0 1307.87
8.18338 0 0 1309.86
8.20005 0 0 1311.85
8.21671 0 0 1313.84
8.23338 0 0 1315.83
8.25005 0 0 1317.81
8.26671 0 0 1319.79
8.28338 0 0 1321.77
8.30005 0 0 1323.74
8.31671 0 0 1325.72
8.33338 0 0 1327.68
8.35004 0 0 1329.65
8.36671 0 0 1331.62
8.38338 0 0 1333.58
8.40004 0 0 1335.54
8.41671 0 0 1337.49
8.43338 0 0 1339.44
8.45004 0 0 1341.4
8.46671 0 0 1343.34
8.48338 0 0 1345.29
8.50004 0 0 1347.23
8.51671 0 0 1349.17
8.53337 0 0 1351.11
8.55004 0 0 1353.04
8.56671 0 0 1354.97
8.58337 0 0 1356.9
8.60004 0 0 1358.83
8.61671 0 0 1360.75
8.63337 0 0 1362.67
8.65004 0 0 1364.59
8.66671 0 0 1366.5
8.68337 0 0 1368.42
8.70004 0 0 1370.33
8.71671 0 0 1372.23
8.73337 0 0 1374.14
8.75004 0 0 1376.04
8.7667 0 0 1377.94
8.78337 0 0 1379.83
8.80004 0 0 1381.73
8.8167 0 0 1383.62
8.83337 0 0 1385.5
8.85004 0 0 1387.39
8.8667 0 0 1389.27
8.88337 0 0 1391.15
8.90004 0 0 1393.03
8.9167 0 0 1394.9
8.93337 0 0 1396.77
8.95004 0 0 1398.64
8.9667 0 0 1400.51
8.98337 0 0 1402.37
9.00003 0 0 1404.23
9.0167 0 0 1406.09
9.03337 0 0 1407.95
9.05003 0 0 1409.8
9.0667 0 0 1411.65
9.08337 0 0 1413.5
9.10003 0 0 1415.34
9.1167 0 0 1417.18
9.13337 0 0 1419.02
9.15003 0 0 1420.86
9.1667 0 0 1422.69
9.18336 0 0 1424.52
9.20003 0 0 1426.35
9.2167 0 0 1428.17
9.23336 0 0 1430
9.25003 0 0 1431.82
9.2667 0 0 1433.63
9.28336 0 0 1435.45
9.30003 0 0 1437.26
9.3167 0 0 1439.07
9.33336 0 0 1440.87
9.35003 0 0 1442.68
9.3667 0 0 1444.48
9.38336 0 0 1446.28
9.40003 0 0 1448.07
9.41669 0 0 1449.86
9.43336 0 0 1451.65
9.45003 0 0 1453.44
9.46669 0 0 1455.23
9.48336 0 0 1457.01
9.50003 0 0 1458.79
9.51669 0 0 1460.56
9.53336 0 0 1462.34
9.55003 0 0 1464.11
9.56669 0 0 1465.88
9.58336 0 0 1467.64
9.60003 0 0 1469.4
9.61669 0 0 1471.16
9.63336 0 0 1472.92
9.65002 0 0 1474.68
9.66669 0 0 1476.43
9.68336 0 0 1478.18
9.70002 0 0 1479.92
9.71669 0 0 1481.67
9.73336 0 0 1483.41
9.75002 0 0 1485.15
9.76669 0 0 1486.88
9.78336 0 0 1488.61
9.80002 0 0 1490.34
9.81669 0 0 1492.07
9.83335 0 0 1493.79
9.85002 0 0 1495.52
9.86669 0 0 1497.24
9.88335 0 0 1498.95
9.90002 0 0 1500.67
9.91669 0 0 1502.38
9.93335 0 0 1504.08
9.95002 0 0 1505.79
9.96669 0 0 1507.49
9.98335 0 0 1509.19
10 0 0 1510.89
10.0167 0 0 1512.59
10.0334 0 0 1514.28
10.05 0 0 1515.97
10.0667 0 0 1517.65
10.0834 0 0 1519.34
10.1 0 0 1521.02
10.1167 0 0 1522.7
10.1334 0 0 1524.37
10.15 0 0 1526.04
10.1667 0 0 1527.71
10.1833 0 0 1529.38
10.2 0 0 1531.05
10.2167 0 0 1532.71
10.2333 0 0 1534.37
10.25 0 0 1536.02
10.2667 0 0 1537.68
10.2833 0 0 1539.33
10.3 0 0 1540.98
10.3167 0 0 1542.62
10.3333 0 0 1544.27
10.35 0 0 1545.91
10.3667 0 0 1547.54
10.3833 0 0 1549.18
10.4 0 0 1550.81
10.4167 0 0 1552.44
10.4333 0 0 1554.07
10.45 0 0 1555.69
10.4667 0 0 1557.31
10.4833 0 0 1558.93
10.5 0 0 1560.54
10.5167 0 0 1562.16
10.5333 0 0 1563.77
10.55 0 0 1565.37
10.5667 0 0 1566.98
10.5833 0 0 1568.58
10.6 0 0 1570.18
10.6167 0 0 1571.78
10.6333 0 0 1573.37
10.65 0 0 1574.96
10.6667 0 0 1576.55
10.6833 0 0 1578.14
10.7 0 0 1579.72
10.7167 0 0 1581.3
10.7333 0 0 1582.88
10.75 0 0 1584.45
10.7667 0 0 1586.02
10.7833 0 0 1587.59
10.8 0 0 1589.16
10.8167 0 0 1590.72
10.8333 0 0 1592.29
10.85 0 0 1593.84
10.8667 0 0 1595.4
10.8833 0 0 1596.95
10.9 0 0 1598.5
10.9167 0 0 1600.05
10.9333 0 0 1601.6
10.95 0 0 1603.14
10.9667 0 0 1604.68
10.9833 0 0 1606.21
11 0 0 1607.75
11.0167 0 0 1609.28
11.0333 0 0 1610.81
11.05 0 0 1612.33
11.0667 0 0 1613.86
11.0833 0 0 1615.38
11.1 0 0 1616.89
11.1167 0 0 1618.41
11.1333 0 0 1619.92
11.15 0 0 1621.43
11.1667 0 0 1622.94
11.1833 0 0 1624.44
11.2 0 0 1625.94
11.2167 0 0 1627.44
11.2333 0 0 1628.94
11.25 0 0 1630.43
11.2667 0 0 1631.92
11.2833 0 0 1633.41
11.3 0 0 1634.89
11.3167 0 0 1636.38
11.3333 0 0 1637.86
11.35 0 0 1639.33
11.3667 0 0 1640.81
11.3833 0 0 1642.28
11.4 0 0 1643.75
11.4167 0 0 1645.21
11.4333 0 0 1646.68
11.45 0 0 1648.14
11.4667 0 0 1649.59
11.4833 0 0 1651.05
11.5 0 0 1652.5
11.5167 0 0 1653.95
11.5333 0 0 1655.4
11.55 0 0 1656.84
11.5667 0 0 1658.28
11.5833 0 0 1659.72
11.6 0 0 1661.16
11.6167 0 0 1662.59
11.6333 0 0 1664.02
11.65 0 0 1665.45
11.6667 0 0 1666.87
11.6833 0 0 1668.3
11.7 0 0 1669.72
11.7167 0 0 1671.13
11.7333 0 0 1672.55
11.75 0 0 1673.96
11.7667 0 0 1675.37
11.7833 0 0 1676.77
11.8 0 0 1678.18
11.8167 0 0 1679.58
11.8333 0 0 1680.98
11.85 0 0 1682.37
11.8667 0 0 1683.76
11.8833 0 0 1685.15
11.9 0 0 1686.54
11.9167 0 0 1687.92
11.9333 0 0 1689.31
11.95 0 0 1690.68
11.9667 0 0 1692.06
11.9833 0 0 1693.43
12 0 0 1694.8
12.0167 0 0 1696.17
12.0333 0 0 1697.54
12.05 0 0 1698.9
12.0667 0 0 1700.26
12.0833 0 0 1701.62
12.1 0 0 1702.97
12.1167 0 0 1704.32
12.1333 0 0 1705.67
12.15 0 0 1707.02
12.1667 0 0 1708.36
12.1833 0 0 1709.7
12.2 0 0 1711.04
12.2167 0 0 1712.38
12.2333 0 0 1713.71
12.25 0 0 1715.04
12.2667 0 0 1716.36
12.2833 0 0 1717.69
12.3 0 0 1719.01
12.3167 0 0 1720.33
12.3333 0 0 1721.65
12.35 0 0 1722.96
12.3666 0 0 1724.27
12.3833 0 0 1725.58
12.4 0 0 1726.88
12.4166 0 0 1728.19
12.4333 0 0 1729.49
12.45 0 0 1730.78
12.4666 0 0 1732.08
12.4833 0 0 1733.37
12.5 0 0 1734.66
12.5166 0 0 1735.94
12.5333 0 0 1737.23
12.55 0 0 1738.51
12.5666 0 0 1739.79
12.5833 0 0 1741.06
12.6 0 0 1742.33
12.6166 0 0 1743.6
12.6333 0 0 1744.87
12.65 0 0 1746.14
12.6666 0 0 1747.4
12.6833 0 0 1748.66
12.7 0 0 1749.91
12.7166 0 0 1751.17
12.7333 0 0 1752.42
12.75 0 0 1753.67
12.7666 0 0 1754.91
12.7833 0 0 1756.15
12.8 0 0 1757.39
12.8166 0 0 1758.63
12.8333 0 0 1759.87
12.85 0 0 1761.1
12.8666 0 0 1762.33
12.8833 0 0 1763.55
12.9 0 0 1764.78
12.9166 0 0 1766
12.9333 0 0 1767.22
12.95 0 0 1768.43
12.9666 0 0 1769.64
12.9833 0 0 1770.85
13 0 0 1772.06
13.0166 0 0 1773.27
13.0333 0 0 1774.47
13.05 0 0 1775.67
13.0666 0 0 1776.86
13.0833 0 0 1778.06
13.1 0 0 1779.25
13.1166 0 0 1780.44
13.1333 0 0 1781.62
13.15 0 0 1782.81
13.1666 0 0 1783.99
13.1833 0 0 1785.16
13.2 0 0 1786.34
13.2166 0 0 1787.51
13.2333 0 0 1788.68
13.25 0 0 1789.84
13.2666 0 0 1791.01
13.2833 0 0 1792.17
13.3 0 0 1793.33
13.3166 0 0 1794.48
13.3333 0 0 1795.64
13.35 0 0 1796.79
13.3666 0 0 1797.93
13.3833 0 0 1799.08
13.4 0 0 1800.22
13.4166 0 0 1801.36
13.4333 0 0 1802.5
13.45 0 0 1803.63
13.4666 0 0 1804.76
13.4833 0 0 1805.89
13.5 0 0 1807.02
13.5166 0 0 1808.14
13.5333 0 0 1809.26
13.55 0 0 1810.38
13.5666 0 0 1811.49
13.5833 0 0 1812.6
13.6 0 0 1813.71
13.6166 0 0 1814.82
13.6333 0 0 1815.92
13.65 0 0 1817.02
13.6666 0 0 1818.12
13.6833 0 0 1819.22
13.7 0 0 1820.31
13.7166 0 0 1821.4
13.7333 0 0 1822.49
13.75 0 0 1823.57
13.7666 0 0 1824.66
13.7833 0 0 1825.74
13.8 0 0 1826.81
13.8166 0 0 1827.89
13.8333 0 0 1828.96
13.85 0 0 1830.03
13.8666 0 0 1831.09
13.8833 0 0 1832.15
13.9 0 0 1833.21
13.9166 0 0 1834.27
13.9333 0 0 1835.33
13.95 0 0 1836.38
13.9666 0 0 1837.43
13.9833 0 0 1838.48
14 0 0 1839.52
14.0166 0 0 1840.56
14.0333 0 0 1841.6
14.05 0 0 1842.64
14.0666 0 0 1843.67
14.0833 0 0 1844.7
14.1 0 0 1845.73
14.1166 0 0 1846.75
14.1333 0 0 1847.77
14.15 0 0 1848.79
14.1666 0 0 1849.81
14.1833 0 0 1850.82
14.2 0 0 1851.83
14.2166 0 0 1852.84
14.2333 0 0 1853.85
14.25 0 0 1854.85
14.2666 0 0 1855.85
14.2833 0 0 1856.85
14.3 0 0 1857.85
14.3166 0 0 1858.84
14.3333 0 0 1859.83
14.35 0 0 1860.81
14.3666 0 0 1861.8
14.3833 0 0 1862.78
14.4 0 0 1863.76
14.4166 0 0 1864.73
14.4333 0 0 1865.71
14.45 0 0 1866.68
14.4666 0 0 1867.65
14.4833 0 0 1868.61
14.5 0 0 1869.57
14.5166 0 0 1870.53
14.5333 0 0 1871.49
14.5499 0 0 1872.44
14.5666 0 0 1873.4
14.5833 0 0 1874.34
14.5999 0 0 1875.29
14.6166 0 0 1876.23
14.6333 0 0 1877.17
14.6499 0 0 1878.11
14.6666 0 0 1879.05
14.6833 0 0 1879.98
14.6999 0 0 1880.91
14.7166 0 0 1881.84
14.7333 0 0 1882.76
14.7499 0 0 1883.68
14.7666 0 0 1884.6
14.7833 0 0 1885.52
14.7999 0 0 1886.43
14.8166 0 0 1887.34
14.8333 0 0 1888.25
14.8499 0 0 1889.15
14.8666 0 0 1890.06
14.8833 0 0 1890.96
14.8999 0 0 1891.85
14.9166 0 0 1892.75
14.9333 0 0 1893.64
14.9499 0 0 1894.53
14.9666 0 0 1895.41
14.9833 0 0 1896.3
14.9999 0 0 1897.18
15.0166 0 0 1898.06
15.0333 0 0 1898.93
15.0499 0 0 1899.8
15.0666 0 0 1900.67
15.0833 0 0 1901.54
15.0999 0 0 1902.4
15.1166 0 0 1903.27
15.1333 0 0 1904.12
15.1499 0 0 1904.98
15.1666 0 0 1905.83
15.1833 0 0 1906.68
15.1999 0 0 1907.53
15.2166 0 0 1908.38
15.2333 0 0 1909.22
15.2499 0 0 1910.06
15.2666 0 0 1910.9
15.2833 0 0 1911.73
15.2999 0 0 1912.56
15.3166 0 0 1913.39
15.3333 0 0 1914.22
15.3499 0 0 1915.04
15.3666 0 0 1915.86
15.3833 0 0 1916.68
15.3999 0 0 1917.5
15.4166 0 0 1918.31
15.4333 0 0 1919.12
15.4499 0 0 1919.93
15.4666 0 0 1920.73
15.4833 0 0 1921.53
15.4999 0 0 1922.33
15.5166 0 0 1923.13
15.5333 0 0 1923.92
15.5499 0 0 1924.71
15.5666 0 0 1925.5
15.5833 0 0 1926.29
15.5999 0 0 1927.07
15.6166 0 0 1927.85
15.6333 0 0 1928.63
15.6499 0 0 1929.4
15.6666 0 0 1930.17
15.6833 0 0 1930.94
15.6999 0 0 1931.71
15.7166 0 0 1932.47
15.7333 0 0 1933.23
15.7499 0 0 1933.99
15.7666 0 0 1934.74
15.7833 0 0 1935.5
15.7999 0 0 1936.25
15.8166 0 0 1936.99
15.8333 0 0 1937.74
15.8499 0 0 1938.48
15.8666 0 0 1939.22
15.8833 0 0 1939.96
15.8999 0 0 1940.69
15.9166 0 0 1941.42
15.9333 0 0 1942.15
15.9499 0 0 1942.87
15.9666 0 0 1943.6
15.9833 0 0 1944.32
15.9999 0 0 1945.04
16.0166 0 0 1945.75
16.0333 0 0 1946.46
16.0499 0 0 1947.17
16.0666 0 0 1947.88
16.0833 0 0 1948.58
16.0999 0 0 1949.28
16.1166 0 0 1949.98
16.1333 0 0 1950.68
16.1499 0 0 1951.37
16.1666 0 0 1952.06
16.1833 0 0 1952.75
16.1999 0 0 1953.43
16.2166 0 0 1954.11
16.2333 0 0 1954.79
16.2499 0 0 1955.47
16.2666 0 0 1956.14
16.2833 0 0 1956.81
16.2999 0 0 1957.48
16.3166 0 0 1958.15
16.3333 0 0 1958.81
16.3499 0 0 1959.47
16.3666 0 0 1960.13
16.3833 0 0 1960.78
16.3999 0 0 1961.43
16.4166 0 0 1962.08
16.4333 0 0 1962.73
16.4499 0 0 1963.37
16.4666 0 0 1964.01
16.4833 0 0 1964.65
16.4999 0 0 1965.29
16.5166 0 0 1965.92
16.5333 0 0 1966.55
16.5499 0 0 1967.18
16.5666 0 0 1967.8
16.5833 0 0 1968.43
16.5999 0 0 1969.05
16.6166 0 0 1969.66
16.6333 0 0 1970.28
16.6499 0 0 1970.89
16.6666 0 0 1971.5
16.6833 0 0 1972.1
16.6999 0 0 1972.7
16.7166 0 0 1973.3
16.7332 0 0 1973.9
16.7499 0 0 1974.5
16.7666 0 0 1975.09
16.7832 0 0 1975.68
16.7999 0 0 1976.26
16.8166 0 0 1976.85
16.8332 0 0 1977.43
16.8499 0 0 1978.01
16.8666 0 0 1978.58
16.8832 0 0 1979.16
16.8999 0 0 1979.73
16.9166 0 0 1980.3
16.9332 0 0 1980.86
16.9499 0 0 1981.42
16.9666 0 0 1981.98
16.9832 0 0 1982.54
16.9999 0 0 1983.09
17.0166 0 0 1983.64
17.0332 0 0 1984.19
17.0499 0 0 1984.74
17.0666 0 0 1985.28
17.0832 0 0 1985.82
17.0999 0 0 1986.36
17.1166 0 0 1986.89
17.1332 0 0 1987.43
17.1499 0 0 1987.96
17.1666 0 0 1988.48
17.1832 0 0 1989.01
17.1999 0 0 1989.53
17.2166 0 0 1990.05
17.2332 0 0 1990.56
17.2499 0 0 1991.08
17.2666 0 0 1991.59
17.2832 0 0 1992.09
17.2999 0 0 1992.6
17.3166 0 0 1993.1
17.3332 0 0 1993.6
17.3499 0 0 1994.1
17.3666 0 0 1994.59
17.3832 0 0 1995.08
17.3999 0 0 1995.57
17.4166 0 0 1996.06
17.4332 0 0 1996.54
17.4499 0 0 1997.02
17.4666 0 0 1997.5
17.4832 0 0 1997.97
17.4999 0 0 1998.45
17.5166 0 0 1998.92
17.5332 0 0 1999.38
17.5499 0 0 1999.85
17.5666 0 0 2000.31
17.5832 0 0 2000.77
17.5999 0 0 2001.22
17.6166 0 0 2001.68
17.6332 0 0 2002.13
17.6499 0 0 2002.57
17.6666 0 0 2003.02
17.6832 0 0 2003.46
17.6999 0 0 2003.9
17.7166 0 0 2004.34
17.7332 0 0 2004.77
17.7499 0 0 2005.2
17.7666 0 0 2005.63
17.7832 0 0 2006.06
17.7999 0 0 2006.48
17.8166 0 0 2006.9
17.8332 0 0 2007.32
17.8499 0 0 2007.74
17.8666 0 0 2008.15
17.8832 0 0 2008.56
17.8999 0 0 2008.97
17.9166 0 0 2009.37
17.9332 0 0 2009.77
17.9499 0 0 2010.17
17.9666 0 0 2010.57
17.9832 0 0 2010.96
17.9999 0 0 2011.35
18.0166 0 0 2011.74
18.0332 0 0 2012.12
18.0499 0 0 2012.51
18.0666 0 0 2012.89
18.0832 0 0 2013.26
18.0999 0 0 2013.64
18.1166 0 0 2014.01
18.1332 0 0 2014.38
18.1499 0 0 2014.74
18.1666 0 0 2015.11
18.1832 0 0 2015.47
18.1999 0 0 2015.83
18.2166 0 0 2016.18
18.2332 0 0 2016.53
18.2499 0 0 2016.88
18.2666 0 0 2017.23
18.2832 0 0 2017.57
18.2999 0 0 2017.92
18.3166 0 0 2018.26
18.3332 0 0 2018.59
18.3499 0 0 2018.92
18.3666 0 0 2019.26
18.3832 0 0 2019.58
18.3999 0 0 2019.91
18.4166 0 0 2020.23
18.4332 0 0 2020.55
18.4499 0 0 2020.87
18.4666 0 0 2021.18
18.4832 0 0 2021.49
18.4999 0 0 2021.8
18.5166 0 0 2022.11
18.5332 0 0 2022.41
18.5499 0 0 2022.71
18.5666 0 0 2023.01
18.5832 0 0 2023.31
18.5999 0 0 2023.6
18.6166 0 0 2023.89
18.6332 0 0 2024.18
18.6499 0 0 2024.46
18.6666 0 0 2024.74
18.6832 0 0 2025.02
18.6999 0 0 2025.3
18.7166 0 0 2025.57
18.7332 0 0 2025.84
18.7499 0 0 2026.11
18.7666 0 0 2026.38
18.7832 0 0 2026.64
18.7999 0 0 2026.9
18.8166 0 0 2027.16
18.8332 0 0 2027.41
18.8499 0 0 2027.66
18.8666 0 0 2027.91
18.8832 0 0 2028.16
18.8999 0 0 2028.4
18.9165 0 0 2028.64
18.9332 0 0 2028.88
18.9499 0 0 2029.12
18.9665 0 0 2029.35
18.9832 0 0 2029.58
18.9999 0 0 2029.81
19.0165 0 0 2030.03
19.0332 0 0 2030.25
19.0499 0 0 2030.47
19.0665 0 0 2030.69
19.0832 0 0 2030.9
19.0999 0 0 2031.11
19.1165 0 0 2031.32
19.1332 0 0 2031.53
19.1499 0 0 2031.73
19.1665 0 0 2031.93
19.1832 0 0 2032.13
19.1999 0 0 2032.32
19.2165 0 0 2032.52
19.2332 0 0 2032.7
19.2499 0 0 2032.89
19.2665 0 0 2033.07
19.2832 0 0 2033.26
19.2999 0 0 2033.43
19.3165 0 0 2033.61
19.3332 0 0 2033.78
19.3499 0 0 2033.95
19.3665 0 0 2034.12
19.3832 0 0 2034.28
19.3999 0 0 2034.45
19.4165 0 0 2034.61
19.4332 0 0 2034.76
19.4499 0 0 2034.92
19.4665 0 0 2035.07
19.4832 0 0 2035.22
19.4999 0 0 2035.36
19.5165 0 0 2035.5
19.5332 0 0 2035.64
19.5499 0 0 2035.78
19.5665 0 0 2035.92
19.5832 0 0 2036.05
19.5999 0 0 2036.18
19.6165 0 0 2036.3
19.6332 0 0 2036.43
19.6499 0 0 2036.55
19.6665 0 0 2036.67
19.6832 0 0 2036.78
19.6999 0 0 2036.9
19.7165 0 0 2037.01
19.7332 0 0 2037.11
19.7499 0 0 2037.22
19.7665 0 0 2037.32
19.7832 0 0 2037.42
19.7999 0 0 2037.52
19.8165 0 0 2037.61
19.8332 0 0 2037.7
19.8499 0 0 2037.79
19.8665 0 0 2037.88
19.8832 0 0 2037.96
19.8999 0 0 2038.04
19.9165 0 0 2038.12
19.9332 0 0 2038.19
19.9499 0 0 2038.27
19.9665 0 0 2038.33
19.9832 0 0 2038.4
19.9999 0 0 2038.47
