0 0 0 199.837
0.0166667 0 0 199.673
0.0333333 0 0 199.51
0.05 0 0 199.347
0.0666667 0 0 199.183
0.0833333 0 0 199.02
0.1 0 0 198.857
0.116667 0 0 198.693
0.133333 0 0 198.53
0.15 0 0 198.367
0.166667 0 0 198.203
0.183333 0 0 198.04
0.2 0 0 197.877
0.216667 0 0 197.713
0.233333 0 0 197.55
0.25 0 0 197.387
0.266667 0 0 197.223
0.283333 0 0 197.06
0.3 0 0 196.897
0.316667 0 0 196.733
0.333333 0 0 196.57
0.35 0 0 196.407
0.366667 0 0 196.243
0.383333 0 0 196.08
0.4 0 0 195.917
0.416667 0 0 195.753
0.433333 0 0 195.59
0.45 0 0 195.427
0.466666 0 0 195.263
0.483333 0 0 195.1
0.5 0 0 194.937
0.516666 0 0 194.773
0.533333 0 0 194.61
0.55 0 0 194.447
0.566666 0 0 194.283
0.583333 0 0 194.12
0.6 0 0 193.957
0.616666 0 0 193.793
0.633333 0 0 193.63
0.65 0 0 193.467
0.666666 0 0 193.303
0.683333 0 0 193.14
0.7 0 0 192.977
0.716666 0 0 192.813
0.733333 0 0 192.65
0.75 0 0 192.487
0.766666 0 0 192.323
0.783333 0 0 192.16
0.799999 0 0 191.997
0.816666 0 0 191.833
0.833333 0 0 191.67
0.849999 0 0 191.507
0.866666 0 0 191.344
0.883333 0 0 191.18
0.899999 0 0 191.017
0.916666 0 0 190.854
0.933333 0 0 190.69
0.949999 0 0 190.527
0.966666 0 0 190.364
0.983333 0 0 190.2
0.999999 0 0 190.037
1.01667 0 0 189.874
1.03333 0 0 189.71
1.05 0 0 189.547
1.06667 0 0 189.384
1.08333 0 0 189.22
1.1 0 0 189.057
1.11667 0 0 188.894
1.13333 0 0 188.73
1.15 0 0 188.567
1.16667 0 0 188.404
1.18333 0 0 188.24
1.2 0 0 188.077
1.21667 0 0 187.914
1.23333 0 0 187.75
1.25 0 0 187.587
1.26667 0 0 187.424
1.28333 0 0 187.26
1.3 0 0 187.097
1.31667 0 0 186.934
1.33333 0 0 186.77
1.35 0 0 186.607
1.36667 0 0 186.444
1.38333 0 0 186.28
1.4 0 0 186.117
1.41667 0 0 185.954
1.43333 0 0 185.79
1.45 0 0 185.627
1.46667 0 0 185.464
1.48333 0 0 185.3
1.5 0 0 185.137
1.51667 0 0 184.974
1.53333 0 0 184.81
1.55 0 0 184.647
1.56667 0 0 184.484
1.58333 0 0 184.32
1.6 0 0 184.157
1.61667 0 0 183.994
1.63333 0 0 183.83
1.65 0 0 183.667
1.66667 0 0 183.504
1.68333 0 0 183.34
1.7 0 0 183.177
1.71667 0 0 183.014
1.73333 0 0 182.85
1.75 0 0 182.687
1.76667 0 0 182.524
1.78333 0 0 182.36
1.8 0 0 182.197
1.81667 0 0 182.034
1.83333 0 0 181.87
1.85 0 0 181.707
1.86667 0 0 181.544
1.88333 0 0 181.38
1.9 0 0 181.217
1.91667 0 0 181.054
1.93333 0 0 180.89
1.95 0 0 180.727
1.96667 0 0 180.564
1.98333 0 0 180.4
2 0 0 180.237
2.01666 0 0 180.074
2.03333 0 0 179.91
2.05 0 0 179.747
2.06666 0 0 179.584
2.08333 0 0 179.42
2.1 0 0 179.257
2.11666 0 0 179.094
2.13333 0 0 178.93
2.15 0 0 178.767
2.16666 0 0 178.604
2.18333 0 0 178.44
2.2 0 0 178.277
2.21666 0 0 178.114
2.23333 0 0 177.95
2.25 0 0 177.787
2.26666 0 0 177.624
2.28333 0 0 177.46
2.3 0 0 177.297
2.31666 0 0 177.134
2.33333 0 0 176.97
2.35 0 0 176.807
2.36666 0 0 176.644
2.38333 0 0 176.48
2.4 0 0 176.317
2.41666 0 0 176.154
2.43333 0 0 175.99
2.45 0 0 175.827
2.46666 0 0 175.664
2.48333 0 0 175.5
2.5 0 0 175.337
2.51666 0 0 175.174
2.53333 0 0 175.01
2.55 0 0 174.847
2.56666 0 0 174.684
2.58333 0 0 174.521
2.6 0 0 174.357
2.61666 0 0 174.194
2.63333 0 0 174.031
2.65 0 0 173.867
2.66666 0 0 173.704
2.68333 0 0 173.541
2.7 0 0 173.377
2.71666 0 0 173.214
2.73333 0 0 173.051
2.75 0 0 172.887
2.76666 0 0 172.724
2.78333 0 0 172.561
2.8 0 0 172.397
2.81666 0 0 172.234
2.83333 0 0 172.071
2.85 0 0 171.907
2.86666 0 0 171.744
2.88333 0 0 171.581
2.9 0 0 171.417
2.91666 0 0 171.254
2.93333 0 0 171.091
2.95 0 0 170.927
2.96666 0 0 170.764
2.98333 0 0 170.601
3 0 0 170.437
3.01666 0 0 170.274
3.03333 0 0 170.111
3.05 0 0 169.947
3.06666 0 0 169.784
3.08333 0 0 169.621
3.1 0 0 169.457
3.11666 0 0 169.294
3.13333 0 0 169.131
3.15 0 0 168.967
3.16666 0 0 168.804
3.18333 0 0 168.641
3.2 0 0 168.477
3.21666 0 0 168.314
3.23333 0 0 168.151
3.25 0 0 167.987
3.26666 0 0 167.824
3.28333 0 0 167.661
3.3 0 0 167.497
3.31666 0 0 167.334
3.33333 0 0 167.171
3.35 0 0 167.007
3.36666 0 0 166.844
3.38333 0 0 166.681
3.4 0 0 166.517
3.41666 0 0 166.354
3.43333 0 0 166.191
3.45 0 0 166.027
3.46666 0 0 165.864
3.48333 0 0 165.701
3.5 0 0 165.537
3.51666 0 0 165.374
3.53333 0 0 165.211
3.55 0 0 165.047
3.56666 0 0 164.884
3.58333 0 0 164.721
3.6 0 0 164.557
3.61666 0 0 164.394
3.63333 0 0 164.231
3.65 0 0 164.067
3.66666 0 0 163.904
3.68333 0 0 163.741
3.7 0 0 163.577
3.71666 0 0 163.414
3.73333 0 0 163.251
3.75 0 0 163.087
3.76666 0 0 162.924
3.78333 0 0 162.761
3.8 0 0 162.597
3.81666 0 0 162.434
3.83333 0 0 162.271
3.85 0 0 162.107
3.86666 0 0 161.944
3.88333 0 0 161.781
3.9 0 0 161.617
3.91666 0 0 161.454
3.93333 0 0 161.291
3.95 0 0 161.127
3.96666 0 0 160.964
3.98333 0 0 160.801
4 0 0 160.637
4.01666 0 0 160.474
4.03333 0 0 160.311
4.05 0 0 160.147
4.06666 0 0 159.984
4.08333 0 0 159.821
4.1 0 0 159.657
4.11666 0 0 159.494
4.13333 0 0 159.331
4.15 0 0 159.167
4.16667 0 0 159.004
4.18333 0 0 158.841
4.2 0 0 158.677
4.21667 0 0 158.514
4.23333 0 0 158.351
4.25 0 0 158.188
4.26667 0 0 158.024
4.28333 0 0 157.861
4.3 0 0 157.698
4.31667 0 0 157.534
4.33333 0 0 157.371
4.35 0 0 157.208
4.36667 0 0 157.044
4.38333 0 0 156.881
4.4 0 0 156.718
4.41667 0 0 156.554
4.43334 0 0 156.391
4.45 0 0 156.228
4.46667 0 0 156.064
4.48334 0 0 155.901
4.5 0 0 155.738
4.51667 0 0 155.574
4.53334 0 0 155.411
4.55 0 0 155.248
4.56667 0 0 155.084
4.58334 0 0 154.921
4.6 0 0 154.758
4.61667 0 0 154.594
4.63334 0 0 154.431
4.65 0 0 154.268
4.66667 0 0 154.104
4.68334 0 0 153.941
4.70001 0 0 153.778
4.71667 0 0 153.614
4.73334 0 0 153.451
4.75001 0 0 153.288
4.76667 0 0 153.124
4.78334 0 0 152.961
4.80001 0 0 152.798
4.81667 0 0 152.634
4.83334 0 0 152.471
4.85001 0 0 152.308
4.86667 0 0 152.144
4.88334 0 0 151.981
4.90001 0 0 151.818
4.91668 0 0 151.654
4.93334 0 0 151.491
4.95001 0 0 151.328
4.96668 0 0 151.164
4.98334 0 0 151.001
5.00001 0 0 150.838
5.01668 0 0 150.674
5.03334 0 0 150.511
5.05001 0 0 150.348
5.06668 0 0 150.184
5.08334 0 0 150.021
5.10001 0 0 149.858
5.11668 0 0 149.694
5.13334 0 0 149.531
5.15001 0 0 149.368
5.16668 0 0 149.204
5.18335 0 0 149.041
5.20001 0 0 148.878
5.21668 0 0 148.714
5.23335 0 0 148.551
5.25001 0 0 148.388
5.26668 0 0 148.224
5.28335 0 0 148.061
5.30001 0 0 147.898
5.31668 0 0 147.734
5.33335 0 0 147.571
5.35001 0 0 147.408
5.36668 0 0 147.244
5.38335 0 0 147.081
5.40001 0 0 146.918
5.41668 0 0 146.754
5.43335 0 0 146.591
5.45002 0 0 146.428
5.46668 0 0 146.264
5.48335 0 0 146.101
5.50002 0 0 145.938
5.51668 0 0 145.774
5.53335 0 0 145.611
5.55002 0 0 145.448
5.56668 0 0 145.284
5.58335 0 0 145.121
5.60002 0 0 144.958
5.61668 0 0 144.794
5.63335 0 0 144.631
5.65002 0 0 144.468
5.66669 0 0 144.304
5.68335 0 0 144.141
5.70002 0 0 143.978
5.71669 0 0 143.814
5.73335 0 0 143.651
5.75002 0 0 143.488
5.76669 0 0 143.324
5.78335 0 0 143.161
5.80002 0 0 142.998
5.81669 0 0 142.834
5.83335 0 0 142.671
5.85002 0 0 142.508
5.86669 0 0 142.344
5.88335 0 0 142.181
5.90002 0 0 142.018
5.91669 0 0 141.854
5.93336 0 0 141.691
5.95002 0 0 141.528
5.96669 0 0 141.365
5.98336 0 0 141.201
6.00002 0 0 141.038
6.01669 0 0 140.875
6.03336 0 0 140.711
6.05002 0 0 140.548
6.06669 0 0 140.385
6.08336 0 0 140.221
6.10002 0 0 140.058
6.11669 0 0 139.895
6.13336 0 0 139.731
6.15002 0 0 139.568
6.16669 0 0 139.405
6.18336 0 0 139.241
6.20003 0 0 139.078
6.21669 0 0 138.915
6.23336 0 0 138.751
6.25003 0 0 138.588
6.26669 0 0 138.425
6.28336 0 0 138.261
6.30003 0 0 138.098
6.31669 0 0 137.935
6.33336 0 0 137.771
6.35003 0 0 137.608
6.36669 0 0 137.445
6.38336 0 0 137.281
6.40003 0 0 137.118
6.4167 0 0 136.955
6.43336 0 0 136.791
6.45003 0 0 136.628
6.4667 0 0 136.465
6.48336 0 0 136.301
6.50003 0 0 136.138
6.5167 0 0 135.975
6.53336 0 0 135.811
6.55003 0 0 135.648
6.5667 0 0 135.485
6.58336 0 0 135.321
6.60003 0 0 135.158
6.6167 0 0 134.995
6.63336 0 0 134.831
6.65003 0 0 134.668
6.6667 0 0 134.505
6.68337 0 0 134.341
6.70003 0 0 134.178
6.7167 0 0 134.015
6.73337 0 0 133.851
6.75003 0 0 133.688
6.7667 0 0 133.525
6.78337 0 0 133.361
6.80003 0 0 133.198
6.8167 0 0 133.035
6.83337 0 0 132.871
6.85003 0 0 132.708
6.8667 0 0 132.545
6.88337 0 0 132.381
6.90003 0 0 132.218
6.9167 0 0 132.055
6.93337 0 0 131.891
6.95004 0 0 131.728
6.9667 0 0 131.565
6.98337 0 0 131.401
7.00004 0 0 131.238
7.0167 0 0 131.075
7.03337 0 0 130.911
7.05004 0 0 130.748
7.0667 0 0 130.585
7.08337 0 0 130.421
7.10004 0 0 130.258
7.1167 0 0 130.095
7.13337 0 0 129.931
7.15004 0 0 129.768
7.16671 0 0 129.605
7.18337 0 0 129.441
7.20004 0 0 129.278
7.21671 0 0 129.115
7.23337 0 0 128.951
7.25004 0 0 128.788
7.26671 0 0 128.625
7.28337 0 0 128.461
7.30004 0 0 128.298
7.31671 0 0 128.135
7.33337 0 0 127.971
7.35004 0 0 127.808
7.36671 0 0 127.645
7.38337 0 0 127.481
7.40004 0 0 127.318
7.41671 0 0 127.155
7.43338 0 0 126.991
7.45004 0 0 126.828
7.46671 0 0 126.665
7.48338 0 0 126.501
7.50004 0 0 126.338
7.51671 0 0 126.175
7.53338 0 0 126.011
7.55004 0 0 125.848
7.56671 0 0 125.685
7.58338 0 0 125.521
7.60004 0 0 125.358
7.61671 0 0 125.195
7.63338 0 0 125.031
7.65004 0 0 124.868
7.66671 0 0 124.705
7.68338 0 0 124.542
7.70005 0 0 124.378
7.71671 0 0 124.215
7.73338 0 0 124.052
7.75005 0 0 123.888
7.76671 0 0 123.725
7.78338 0 0 123.562
7.80005 0 0 123.398
7.81671 0 0 123.235
7.83338 0 0 123.072
7.85005 0 0 122.908
7.86671 0 0 122.745
7.88338 0 0 122.582
7.90005 0 0 122.418
7.91672 0 0 122.255
7.93338 0 0 122.092
7.95005 0 0 121.928
7.96672 0 0 121.765
7.98338 0 0 121.602
8.00005 0 0 121.438
8.01672 0 0 121.275
8.03338 0 0 121.112
8.05005 0 0 120.948
8.06672 0 0 120.785
8.08338 0 0 120.622
8.10005 0 0 120.458
8.11671 0 0 120.295
8.13338 0 0 120.132
8.15005 0 0 119.968
8.16671 0 0 119.805
8.18338 0 0 119.642
8.20005 0 0 119.478
8.21671 0 0 119.315
8.23338 0 0 119.152
8.25005 0 0 118.988
8.26671 0 0 118.825
8.28338 0 0 118.662
8.30005 0 0 118.498
8.31671 0 0 118.335
8.33338 0 0 118.172
8.35004 0 0 118.008
8.36671 0 0 117.845
8.38338 0 0 117.682
8.40004 0 0 117.518
8.41671 0 0 117.355
8.43338 0 0 117.192
8.45004 0 0 117.028
8.46671 0 0 116.865
8.48338 0 0 116.702
8.50004 0 0 116.538
8.51671 0 0 116.375
8.53337 0 0 116.212
8.55004 0 0 116.048
8.56671 0 0 115.885
8.58337 0 0 115.722
8.60004 0 0 115.558
8.61671 0 0 115.395
8.63337 0 0 115.232
8.65004 0 0 115.068
8.66671 0 0 114.905
8.68337 0 0 114.742
8.70004 0 0 114.578
8.71671 0 0 114.415
8.73337 0 0 114.252
8.75004 0 0 114.088
8.7667 0 0 113.925
8.78337 0 0 113.762
8.80004 0 0 113.598
8.8167 0 0 113.435
8.83337 0 0 113.272
8.85004 0 0 113.108
8.8667 0 0 112.945
8.88337 0 0 112.782
8.90004 0 0 112.618
8.9167 0 0 112.455
8.93337 0 0 112.292
8.95004 0 0 112.128
8.9667 0 0 111.965
8.98337 0 0 111.802
9.00003 0 0 111.638
9.0167 0 0 111.475
9.03337 0 0 111.312
9.05003 0 0 111.148
9.0667 0 0 110.985
9.08337 0 0 110.822
9.10003 0 0 110.658
9.1167 0 0 110.495
9.13337 0 0 110.332
9.15003 0 0 110.168
9.1667 0 0 110.005
9.18336 0 0 109.842
9.20003 0 0 109.678
9.2167 0 0 109.515
9.23336 0 0 109.352
9.25003 0 0 109.188
9.2667 0 0 109.025
9.28336 0 0 108.862
9.30003 0 0 108.698
9.3167 0 0 108.535
9.33336 0 0 108.372
9.35003 0 0 108.208
9.3667 0 0 108.045
9.38336 0 0 107.882
9.40003 0 0 107.719
9.41669 0 0 107.555
9.43336 0 0 107.392
9.45003 0 0 107.229
9.46669 0 0 107.065
9.48336 0 0 106.902
9.50003 0 0 106.739
9.51669 0 0 106.575
9.53336 0 0 106.412
9.55003 0 0 106.249
9.56669 0 0 106.085
9.58336 0 0 105.922
9.60003 0 0 105.759
9.61669 0 0 105.595
9.63336 0 0 105.432
9.65002 0 0 105.269
9.66669 0 0 105.105
9.68336 0 0 104.942
9.70002 0 0 104.779
9.71669 0 0 104.615
9.73336 0 0 104.452
9.75002 0 0 104.289
9.76669 0 0 104.125
9.78336 0 0 103.962
9.80002 0 0 103.799
9.81669 0 0 103.635
9.83335 0 0 103.472
9.85002 0 0 103.309
9.86669 0 0 103.145
9.88335 0 0 102.982
9.90002 0 0 102.819
9.91669 0 0 102.655
9.93335 0 0 102.492
9.95002 0 0 102.329
9.96669 0 0 102.165
9.98335 0 0 102.002
10 0 0 101.839
10.0167 0 0 101.675
10.0334 0 0 101.512
10.05 0 0 101.349
10.0667 0 0 101.185
10.0834 0 0 101.022
10.1 0 0 100.859
10.1167 0 0 100.695
10.1334 0 0 100.532
10.15 0 0 100.369
10.1667 0 0 100.205
10.1833 0 0 100.042
10.2 0 0 99.8787
10.2167 0 0 99.7153
10.2333 0 0 99.552
10.25 0 0 99.3887
10.2667 0 0 99.2253
10.2833 0 0 99.062
10.3 0 0 98.8987
10.3167 0 0 98.7354
10.3333 0 0 98.572
10.35 0 0 98.4087
10.3667 0 0 98.2454
10.3833 0 0 98.082
10.4 0 0 97.9187
10.4167 0 0 97.7554
10.4333 0 0 97.592
10.45 0 0 97.4287
10.4667 0 0 97.2654
10.4833 0 0 97.1021
10.5 0 0 96.9387
10.5167 0 0 96.7754
10.5333 0 0 96.6121
10.55 0 0 96.4487
10.5667 0 0 96.2854
10.5833 0 0 96.1221
10.6 0 0 95.9587
10.6167 0 0 95.7954
10.6333 0 0 95.6321
10.65 0 0 95.4688
10.6667 0 0 95.3054
10.6833 0 0 95.1421
10.7 0 0 94.9788
10.7167 0 0 94.8154
10.7333 0 0 94.6521
10.75 0 0 94.4888
10.7667 0 0 94.3254
10.7833 0 0 94.1621
10.8 0 0 93.9988
10.8167 0 0 93.8354
10.8333 0 0 93.6721
10.85 0 0 93.5088
10.8667 0 0 93.3455
10.8833 0 0 93.1821
10.9 0 0 93.0188
10.9167 0 0 92.8555
10.9333 0 0 92.6921
10.95 0 0 92.5288
10.9667 0 0 92.3655
10.9833 0 0 92.2021
11 0 0 92.0388
11.0167 0 0 91.8755
11.0333 0 0 91.7122
11.05 0 0 91.5488
11.0667 0 0 91.3855
11.0833 0 0 91.2222
11.1 0 0 91.0588
11.1167 0 0 90.8955
11.1333 0 0 90.7322
11.15 0 0 90.5688
11.1667 0 0 90.4055
11.1833 0 0 90.2422
11.2 0 0 90.0789
11.2167 0 0 89.9155
11.2333 0 0 89.7522
11.25 0 0 89.5889
11.2667 0 0 89.4255
11.2833 0 0 89.2622
11.3 0 0 89.0989
11.3167 0 0 88.9355
11.3333 0 0 88.7722
11.35 0 0 88.6089
11.3667 0 0 88.4456
11.3833 0 0 88.2822
11.4 0 0 88.1189
11.4167 0 0 87.9556
11.4333 0 0 87.7922
11.45 0 0 87.6289
11.4667 0 0 87.4656
11.4833 0 0 87.3022
11.5 0 0 87.1389
11.5167 0 0 86.9756
11.5333 0 0 86.8123
11.55 0 0 86.6489
11.5667 0 0 86.4856
11.5833 0 0 86.3223
11.6 0 0 86.1589
11.6167 0 0 85.9956
11.6333 0 0 85.8323
11.65 0 0 85.6689
11.6667 0 0 85.5056
11.6833 0 0 85.3423
11.7 0 0 85.179
11.7167 0 0 85.0156
11.7333 0 0 84.8523
11.75 0 0 84.689
11.7667 0 0 84.5256
11.7833 0 0 84.3623
11.8 0 0 84.199
11.8167 0 0 84.0356
11.8333 0 0 83.8723
11.85 0 0 83.709
11.8667 0 0 83.5457
11.8833 0 0 83.3823
11.9 0 0 83.219
11.9167 0 0 83.0557
11.9333 0 0 82.8923
11.95 0 0 82.729
11.9667 0 0 82.5657
11.9833 0 0 82.4023
12 0 0 82.239
12.0167 0 0 82.0757
12.0333 0 0 81.9124
12.05 0 0 81.749
12.0667 0 0 81.5857
12.0833 0 0 81.4224
12.1 0 0 81.259
12.1167 0 0 81.0957
12.1333 0 0 80.9324
12.15 0 0 80.769
12.1667 0 0 80.6057
12.1833 0 0 80.4424
12.2 0 0 80.2791
12.2167 0 0 80.1157
12.2333 0 0 79.9524
12.25 0 0 79.7891
12.2667 0 0 79.6257
12.2833 0 0 79.4624
12.3 0 0 79.2991
12.3167 0 0 79.1357
12.3333 0 0 78.9724
12.35 0 0 78.8091
12.3666 0 0 78.6458
12.3833 0 0 78.4824
12.4 0 0 78.3191
12.4166 0 0 78.1558
12.4333 0 0 77.9924
12.45 0 0 77.8291
12.4666 0 0 77.6658
12.4833 0 0 77.5024
12.5 0 0 77.3391
12.5166 0 0 77.1758
12.5333 0 0 77.0125
12.55 0 0 76.8491
12.5666 0 0 76.6858
12.5833 0 0 76.5225
12.6 0 0 76.3591
12.6166 0 0 76.1958
12.6333 0 0 76.0325
12.65 0 0 75.8691
12.6666 0 0 75.7058
12.6833 0 0 75.5425
12.7 0 0 75.3792
12.7166 0 0 75.2158
12.7333 0 0 75.0525
12.75 0 0 74.8892
12.7666 0 0 74.7258
12.7833 0 0 74.5625
12.8 0 0 74.3992
12.8166 0 0 74.2358
12.8333 0 0 74.0725
12.85 0 0 73.9092
12.8666 0 0 73.7458
12.8833 0 0 73.5825
12.9 0 0 73.4192
12.9166 0 0 73.2559
12.9333 0 0 73.0925
12.95 0 0 72.9292
12.9666 0 0 72.7659
12.9833 0 0 72.6025
13 0 0 72.4392
13.0166 0 0 72.2759
13.0333 0 0 72.1125
13.05 0 0 71.9492
13.0666 0 0 71.7859
13.0833 0 0 71.6226
13.1 0 0 71.4592
13.1166 0 0 71.2959
13.1333 0 0 71.1326
13.15 0 0 70.9692
13.1666 0 0 70.8059
13.1833 0 0 70.6426
13.2 0 0 70.4792
13.2166 0 0 70.3159
13.2333 0 0 70.1526
13.25 0 0 69.9893
13.2666 0 0 69.8259
13.2833 0 0 69.6626
13.3 0 0 69.4993
13.3166 0 0 69.3359
13.3333 0 0 69.1726
13.35 0 0 69.0093
13.3666 0 0 68.8459
13.3833 0 0 68.6826
13.4 0 0 68.5193
13.4166 0 0 68.356
13.4333 0 0 68.1926
13.45 0 0 68.0293
13.4666 0 0 67.866
13.4833 0 0 67.7026
13.5 0 0 67.5393
13.5166 0 0 67.376
13.5333 0 0 67.2126
13.55 0 0 67.0493
13.5666 0 0 66.886
13.5833 0 0 66.7227
13.6 0 0 66.5593
13.6166 0 0 66.396
13.6333 0 0 66.2327
13.65 0 0 66.0693
13.6666 0 0 65.906
13.6833 0 0 65.7427
13.7 0 0 65.5793
13.7166 0 0 65.416
13.7333 0 0 65.2527
13.75 0 0 65.0894
13.7666 0 0 64.926
13.7833 0 0 64.7627
13.8 0 0 64.5994
13.8166 0 0 64.436
13.8333 0 0 64.2727
13.85 0 0 64.1094
13.8666 0 0 63.946
13.8833 0 0 63.7827
13.9 0 0 63.6194
13.9166 0 0 63.456
13.9333 0 0 63.2927
13.95 0 0 63.1294
13.9666 0 0 62.966
13.9833 0 0 62.8027
14 0 0 62.6394
14.0166 0 0 62.476
14.0333 0 0 62.3127
14.05 0 0 62.1494
14.0666 0 0 61.986
14.0833 0 0 61.8227
14.1 0 0 61.6594
14.1166 0 0 61.496
14.1333 0 0 61.3327
14.15 0 0 61.1694
14.1666 0 0 61.006
14.1833 0 0 60.8427
14.2 0 0 60.6794
14.2166 0 0 60.516
14.2333 0 0 60.3527
14.25 0 0 60.1894
14.2666 0 0 60.026
14.2833 0 0 59.8627
14.3 0 0 59.6994
14.3166 0 0 59.536
14.3333 0 0 59.3727
14.35 0 0 59.2094
14.3666 0 0 59.046
14.3833 0 0 58.8827
14.4 0 0 58.7194
14.4166 0 0 58.556
14.4333 0 0 58.3927
14.45 0 0 58.2294
14.4666 0 0 58.066
14.4833 0 0 57.9027
14.5 0 0 57.7394
14.5166 0 0 57.576
14.5333 0 0 57.4127
14.5499 0 0 57.2494
14.5666 0 0 57.086
14.5833 0 0 56.9227
14.5999 0 0 56.7593
14.6166 0 0 56.596
14.6333 0 0 56.4327
14.6499 0 0 56.2693
14.6666 0 0 56.106
14.6833 0 0 55.9427
14.6999 0 0 55.7793
14.7166 0 0 55.616
14.7333 0 0 55.4527
14.7499 0 0 55.2893
14.7666 0 0 55.126
14.7833 0 0 54.9627
14.7999 0 0 54.7993
14.8166 0 0 54.636
14.8333 0 0 54.4727
14.8499 0 0 54.3093
14.8666 0 0 54.146
14.8833 0 0 53.9827
14.8999 0 0 53.8193
14.9166 0 0 53.656
14.9333 0 0 53.4927
14.9499 0 0 53.3293
14.9666 0 0 53.166
14.9833 0 0 53.0027
14.9999 0 0 52.8393
15.0166 0 0 52.676
15.0333 0 0 52.5127
15.0499 0 0 52.3493
15.0666 0 0 52.186
15.0833 0 0 52.0227
15.0999 0 0 51.8593
15.1166 0 0 51.696
15.1333 0 0 51.5327
15.1499 0 0 51.3693
15.1666 0 0 51.206
15.1833 0 0 51.0427
15.1999 0 0 50.8793
15.2166 0 0 50.716
15.2333 0 0 50.5527
15.2499 0 0 50.3893
15.2666 0 0 50.226
15.2833 0 0 50.0627
15.2999 0 0 49.8993
15.3166 0 0 49.736
15.3333 0 0 49.5727
15.3499 0 0 49.4093
15.3666 0 0 49.246
15.3833 0 0 49.0827
15.3999 0 0 48.9193
15.4166 0 0 48.756
15.4333 0 0 48.5927
15.4499 0 0 48.4293
15.4666 0 0 48.266
15.4833 0 0 48.1027
15.4999 0 0 47.9393
15.5166 0 0 47.776
15.5333 0 0 47.6127
15.5499 0 0 47.4493
15.5666 0 0 47.286
15.5833 0 0 47.1227
15.5999 0 0 46.9593
15.6166 0 0 46.796
15.6333 0 0 46.6326
15.6499 0 0 46.4693
15.6666 0 0 46.306
15.6833 0 0 46.1426
15.6999 0 0 45.9793
15.7166 0 0 45.816
15.7333 0 0 45.6526
15.7499 0 0 45.4893
15.7666 0 0 45.326
15.7833 0 0 45.1626
15.7999 0 0 44.9993
15.8166 0 0 44.836
15.8333 0 0 44.6726
15.8499 0 0 44.5093
15.8666 0 0 44.346
15.8833 0 0 44.1826
15.8999 0 0 44.0193
15.9166 0 0 43.856
15.9333 0 0 43.6926
15.9499 0 0 43.5293
15.9666 0 0 43.366
15.9833 0 0 43.2026
15.9999 0 0 43.0393
16.0166 0 0 42.876
16.0333 0 0 42.7126
16.0499 0 0 42.5493
16.0666 0 0 42.386
16.0833 0 0 42.2226
16.0999 0 0 42.0593
16.1166 0 0 41.896
16.1333 0 0 41.7326
16.1499 0 0 41.5693
16.1666 0 0 41.406
16.1833 0 0 41.2426
16.1999 0 0 41.0793
16.2166 0 0 40.916
16.2333 0 0 40.7526
16.2499 0 0 40.5893
16.2666 0 0 40.426
16.2833 0 0 40.2626
16.2999 0 0 40.0993
16.3166 0 0 39.936
16.3333 0 0 39.7726
16.3499 0 0 39.6093
16.3666 0 0 39.446
16.3833 0 0 39.2826
16.3999 0 0 39.1193
16.4166 0 0 38.956
16.4333 0 0 38.7926
16.4499 0 0 38.6293
16.4666 0 0 38.466
16.4833 0 0 38.3026
16.4999 0 0 38.1393
16.5166 0 0 37.976
16.5333 0 0 37.8126
16.5499 0 0 37.6493
16.5666 0 0 37.486
16.5833 0 0 37.3226
16.5999 0 0 37.1593
16.6166 0 0 36.9959
16.6333 0 0 36.8326
16.6499 0 0 36.6693
16.6666 0 0 36.5059
16.6833 0 0 36.3426
16.6999 0 0 36.1793
16.7166 0 0 36.0159
16.7332 0 0 35.8526
16.7499 0 0 35.6893
16.7666 0 0 35.5259
16.7832 0 0 35.3626
16.7999 0 0 35.1993
16.8166 0 0 35.0359
16.8332 0 0 34.8726
16.8499 0 0 34.7093
16.8666 0 0 34.5459
16.8832 0 0 34.3826
16.8999 0 0 34.2193
16.9166 0 0 34.0559
16.9332 0 0 33.8926
16.9499 0 0 33.7293
16.9666 0 0 33.5659
16.9832 0 0 33.4026
16.9999 0 0 33.2393
17.0166 0 0 33.0759
17.0332 0 0 32.9126
17.0499 0 0 32.7493
17.0666 0 0 32.5859
17.0832 0 0 32.4226
17.0999 0 0 32.2593
17.1166 0 0 32.0959
17.1332 0 0 31.9326
17.1499 0 0 31.7693
17.1666 0 0 31.6059
17.1832 0 0 31.4426
17.1999 0 0 31.2793
17.2166 0 0 31.1159
17.2332 0 0 30.9526
17.2499 0 0 30.7893
17.2666 0 0 30.6259
17.2832 0 0 30.4626
17.2999 0 0 30.2993
17.3166 0 0 30.1359
17.3332 0 0 29.9726
17.3499 0 0 29.8093
17.3666 0 0 29.6459
17.3832 0 0 29.4826
17.3999 0 0 29.3193
17.4166 0 0 29.1559
17.4332 0 0 28.9926
17.4499 0 0 28.8293
17.4666 0 0 28.6659
17.4832 0 0 28.5026
17.4999 0 0 28.3393
17.5166 0 0 28.1759
17.5332 0 0 28.0126
17.5499 0 0 27.8493
17.5666 0 0 27.6859
17.5832 0 0 27.5226
17.5999 0 0 27.3592
17.6166 0 0 27.1959
17.6332 0 0 27.0326
17.6499 0 0 26.8692
17.6666 0 0 26.7059
17.6832 0 0 26.5426
17.6999 0 0 26.3792
17.7166 0 0 26.2159
17.7332 0 0 26.0526
17.7499 0 0 25.8892
17.7666 0 0 25.7259
17.7832 0 0 25.5626
17.7999 0 0 25.3992
17.8166 0 0 25.2359
17.8332 0 0 25.0726
17.8499 0 0 24.9092
17.8666 0 0 24.7459
17.8832 0 0 24.5826
17.8999 0 0 24.4192
17.9166 0 0 24.2559
17.9332 0 0 24.0926
17.9499 0 0 23.9292
17.9666 0 0 23.7659
17.9832 0 0 23.6026
17.9999 0 0 23.4392
18.0166 0 0 23.2759
18.0332 0 0 23.1126
18.0499 0 0 22.9492
18.0666 0 0 22.7859
18.0832 0 0 22.6226
18.0999 0 0 22.4592
18.1166 0 0 22.2959
18.1332 0 0 22.1326
18.1499 0 0 21.9692
18.1666 0 0 21.8059
18.1832 0 0 21.6426
18.1999 0 0 21.4792
18.2166 0 0 21.3159
18.2332 0 0 21.1526
18.2499 0 0 20.9892
18.2666 0 0 20.8259
18.2832 0 0 20.6626
18.2999 0 0 20.4992
18.3166 0 0 20.3359
18.3332 0 0 20.1726
18.3499 0 0 20.0092
18.3666 0 0 19.8459
18.3832 0 0 19.6826
18.3999 0 0 19.5192
18.4166 0 0 19.3559
18.4332 0 0 19.1926
18.4499 0 0 19.0292
18.4666 0 0 18.8659
18.4832 0 0 18.7026
18.4999 0 0 18.5392
18.5166 0 0 18.3759
18.5332 0 0 18.2126
18.5499 0 0 18.0492
18.5666 0 0 17.8859
18.5832 0 0 17.7225
18.5999 0 0 17.5592
18.6166 0 0 17.3959
18.6332 0 0 17.2325
18.6499 0 0 17.0692
18.6666 0 0 16.9059
18.6832 0 0 16.7425
18.6999 0 0 16.5792
18.7166 0 0 16.4159
18.7332 0 0 16.2525
18.7499 0 0 16.0892
18.7666 0 0 15.9259
18.7832 0 0 15.7625
18.7999 0 0 15.5992
18.8166 0 0 15.4359
18.8332 0 0 15.2725
18.8499 0 0 15.1092
18.8666 0 0 14.9459
18.8832 0 0 14.7825
18.8999 0 0 14.6192
18.9165 0 0 14.4559
18.9332 0 0 14.2925
18.9499 0 0 14.1292
18.9665 0 0 13.9659
18.9832 0 0 13.8025
18.9999 0 0 13.6392
19.0165 0 0 13.4759
19.0332 0 0 13.3126
19.0499 0 0 13.1492
19.0665 0 0 12.9859
19.0832 0 0 12.8226
19.0999 0 0 12.6592
19.1165 0 0 12.4959
19.1332 0 0 12.3326
19.1499 0 0 12.1692
19.1665 0 0 12.0059
19.1832 0 0 11.8426
19.1999 0 0 11.6792
19.2165 0 0 11.5159
19.2332 0 0 11.3526
19.2499 0 0 11.1892
19.2665 0 0 11.0259
19.2832 0 0 10.8626
19.2999 0 0 10.6992
19.3165 0 0 10.5359
19.3332 0 0 10.3726
19.3499 0 0 10.2092
19.3665 0 0 10.0459
19.3832 0 0 9.88256
19.3999 0 0 9.71923
19.4165 0 0 9.55589
19.4332 0 0 9.39256
19.4499 0 0 9.22923
19.4665 0 0 9.06589
19.4832 0 0 8.90256
19.4999 0 0 8.73923
19.5165 0 0 8.5759
19.5332 0 0 8.41256
19.5499 0 0 8.24923
19.5665 0 0 8.0859
19.5832 0 0 7.92256
19.5999 0 0 7.75923
19.6165 0 0 7.5959
19.6332 0 0 7.43256
19.6499 0 0 7.26923
19.6665 0 0 7.1059
19.6832 0 0 6.94256
19.6999 0 0 6.77923
19.7165 0 0 6.6159
19.7332 0 0 6.45256
19.7499 0 0 6.28923
19.7665 0 0 6.1259
19.7832 0 0 5.96256
19.7999 0 0 5.79923
19.8165 0 0 5.6359
19.8332 0 0 5.47256
19.8499 0 0 5.30923
19.8665 0 0 5.1459
19.8832 0 0 4.98256
19.8999 0 0 4.81923
19.9165 0 0 4.65589
19.9332 0 0 4.49256
19.9499 0 0 4.32923
19.9665 0 0 4.16589
19.9832 0 0 4.00256
19.9999 0 0 3.83923
