0 3.02027 0.940336 2
0.0166667 3.03933 0.880302 2
0.0333333 3.05718 0.819922 2
0.05 3.07382 0.759219 2
0.0666667 3.08923 0.698218 2
0.0833333 3.10341 0.636941 2
0.1 3.11636 0.575414 2
0.116667 3.12807 0.513659 2
0.133333 3.13853 0.451702 2
0.15 3.14775 0.389566 2
0.166667 3.15573 0.327275 2
0.183333 3.16245 0.264854 2
0.2 3.16792 0.202327 2
0.216667 3.17214 0.139719 2
0.233333 3.1751 0.0770528 2
0.25 3.17681 0.0143537 2
0.266667 3.17727 -0.0483542 2
0.283333 3.17647 -0.111047 2
0.3 3.17441 -0.173699 2
0.316667 3.17111 -0.236288 2
0.333333 3.16655 -0.298788 2
0.35 3.16075 -0.361176 2
0.366667 3.15371 -0.423427 2
0.383333 3.14542 -0.485518 2
0.4 3.1359 -0.547425 2
0.416667 3.12515 -0.609123 2
0.433333 3.11317 -0.670588 2
0.45 3.09997 -0.731798 2
0.466666 3.08555 -0.792729 2
0.483333 3.06993 -0.853356 2
0.5 3.0531 -0.913657 2
0.516666 3.03507 -0.973608 2
0.533333 3.01586 -1.03319 2
0.55 2.99547 -1.09237 2
0.566666 2.9739 -1.15113 2
0.583333 2.95118 -1.20946 2
0.6 2.9273 -1.26732 2
0.616666 2.90228 -1.32469 2
0.633333 2.87612 -1.38155 2
0.65 2.84885 -1.43789 2
0.666666 2.82046 -1.49367 2
0.683333 2.79097 -1.54888 2
0.7 2.7604 -1.6035 2
0.716666 2.72875 -1.6575 2
0.733333 2.69603 -1.71086 2
0.75 2.66227 -1.76356 2
0.766666 2.62747 -1.81559 2
0.783333 2.59165 -1.86692 2
0.799999 2.55482 -1.91753 2
0.816666 2.517 -1.96741 2
0.833333 2.4782 -2.01652 2
0.849999 2.43844 -2.06487 2
0.866666 2.39773 -2.11241 2
0.883333 2.35609 -2.15915 2
0.899999 2.31353 -2.20505 2
0.916666 2.27007 -2.2501 2
0.933333 2.22574 -2.29429 2
0.949999 2.18054 -2.33759 2
0.966666 2.13449 -2.37999 2
0.983333 2.08761 -2.42147 2
0.999999 2.03993 -2.46202 2
1.01667 1.99145 -2.50162 2
1.03333 1.9422 -2.54025 2
1.05 1.8922 -2.5779 2
1.06667 1.84146 -2.61456 2
1.08333 1.79001 -2.65021 2
1.1 1.73787 -2.68483 2
1.11667 1.68505 -2.71841 2
1.13333 1.63157 -2.75094 2
1.15 1.57747 -2.7824 2
1.16667 1.52275 -2.81279 2
1.18333 1.46744 -2.84209 2
1.2 1.41156 -2.87029 2
1.21667 1.35513 -2.89737 2
1.23333 1.29818 -2.92333 2
1.25 1.24072 -2.94816 2
1.26667 1.18278 -2.97184 2
1.28333 1.12438 -2.99437 2
1.3 1.06554 -3.01573 2
1.31667 1.00629 -3.03592 2
1.33333 0.946642 -3.05493 2
1.35 0.886629 -3.07275 2
1.36667 0.826271 -3.08937 2
1.38333 0.76559 -3.10479 2
1.4 0.704609 -3.119 2
1.41667 0.643354 -3.13199 2
1.43333 0.581846 -3.14376 2
1.45 0.520111 -3.1543 2
1.46667 0.458171 -3.16361 2
1.48333 0.396051 -3.17168 2
1.5 0.333774 -3.17851 2
1.51667 0.271365 -3.18409 2
1.53333 0.208848 -3.18843 2
1.55 0.146246 -3.19152 2
1.56667 0.0835853 -3.19336 2
1.58333 0.0208885 -3.19394 2
1.6 -0.0418196 -3.19327 2
1.61667 -0.104515 -3.19135 2
1.63333 -0.167173 -3.18817 2
1.65 -0.229769 -3.18374 2
1.66667 -0.292279 -3.17805 2
1.68333 -0.354679 -3.17111 2
1.7 -0.416945 -3.16292 2
1.71667 -0.479052 -3.15349 2
1.73333 -0.540976 -3.1428 2
1.75 -0.602693 -3.13088 2
1.76667 -0.664179 -3.11772 2
1.78333 -0.72541 -3.10333 2
1.8 -0.786362 -3.08771 2
1.81667 -0.847011 -3.07086 2
1.83333 -0.907333 -3.0528 2
1.85 -0.967305 -3.03353 2
1.86667 -1.0269 -3.01305 2
1.88333 -1.0861 -2.99138 2
1.9 -1.14488 -2.96852 2
1.91667 -1.20322 -2.94448 2
1.93333 -1.26109 -2.91927 2
1.95 -1.31847 -2.89289 2
1.96667 -1.37533 -2.86537 2
1.98333 -1.43167 -2.83669 2
2 -1.48744 -2.80689 2
2.01666 -1.54264 -2.77597 2
2.03333 -1.59723 -2.74394 2
2.05 -1.6512 -2.71081 2
2.06666 -1.70453 -2.6766 2
2.08333 -1.75719 -2.64131 2
2.1 -1.80916 -2.60497 2
2.11666 -1.86042 -2.56758 2
2.13333 -1.91096 -2.52917 2
2.15 -1.96075 -2.48973 2
2.16666 -2.00976 -2.4493 2
2.18333 -2.05799 -2.40789 2
2.2 -2.10541 -2.3655 2
2.21666 -2.152 -2.32216 2
2.23333 -2.19775 -2.27789 2
2.25 -2.24263 -2.2327 2
2.26666 -2.28662 -2.18662 2
2.28333 -2.32972 -2.13964 2
2.3 -2.37189 -2.09181 2
2.31666 -2.41313 -2.04313 2
2.33333 -2.45342 -1.99363 2
2.35 -2.49273 -1.94332 2
2.36666 -2.53106 -1.89222 2
2.38333 -2.56838 -1.84036 2
2.4 -2.60469 -1.78775 2
2.41666 -2.63997 -1.73442 2
2.43333 -2.67419 -1.68039 2
2.45 -2.70735 -1.62567 2
2.46666 -2.73944 -1.5703 2
2.48333 -2.77044 -1.51428 2
2.5 -2.80033 -1.45766 2
2.51666 -2.82911 -1.40044 2
2.53333 -2.85676 -1.34265 2
2.55 -2.88327 -1.28432 2
2.56666 -2.90862 -1.22546 2
2.58333 -2.93282 -1.16611 2
2.6 -2.95584 -1.10628 2
2.61666 -2.97768 -1.046 2
2.63333 -2.99833 -0.985301 2
2.65 -3.01777 -0.924197 2
2.66666 -3.036 -0.862718 2
2.68333 -3.05302 -0.800888 2
2.7 -3.06881 -0.738732 2
2.71666 -3.08336 -0.676276 2
2.73333 -3.09668 -0.613546 2
2.75 -3.10874 -0.550566 2
2.76666 -3.11956 -0.487364 2
2.78333 -3.12912 -0.423964 2
2.8 -3.13741 -0.360393 2
2.81666 -3.14444 -0.296677 2
2.83333 -3.1502 -0.232842 2
2.85 -3.15468 -0.168914 2
2.86666 -3.15789 -0.104921 2
2.88333 -3.15982 -0.0408873 2
2.9 -3.16048 0.0231596 2
2.91666 -3.15985 0.0871936 2
2.93333 -3.15793 0.151188 2
2.95 -3.15474 0.215117 2
2.96666 -3.15027 0.278953 2
2.98333 -3.14451 0.34267 2
3 -3.13748 0.406243 2
3.01666 -3.12917 0.469644 2
3.03333 -3.11959 0.532847 2
3.05 -3.10874 0.595826 2
3.06666 -3.09662 0.658556 2
3.08333 -3.08323 0.721009 2
3.1 -3.06859 0.78316 2
3.11666 -3.0527 0.844984 2
3.13333 -3.03556 0.906454 2
3.15 -3.01718 0.967546 2
3.16666 -2.99757 1.02823 2
3.18333 -2.97673 1.08849 2
3.2 -2.95467 1.14829 2
3.21666 -2.93141 1.20762 2
3.23333 -2.90694 1.26644 2
3.25 -2.88128 1.32473 2
3.26666 -2.85444 1.38247 2
3.28333 -2.82643 1.43963 2
3.3 -2.79726 1.4962 2
3.31666 -2.76694 1.55214 2
3.33333 -2.73549 1.60743 2
3.35 -2.70291 1.66206 2
3.36666 -2.66922 1.71599 2
3.38333 -2.63444 1.76921 2
3.4 -2.59857 1.82169 2
3.41666 -2.56163 1.87341 2
3.43333 -2.52364 1.92435 2
3.45 -2.48461 1.9745 2
3.46666 -2.44456 2.02382 2
3.48333 -2.4035 2.0723 2
3.5 -2.36145 2.11992 2
3.51666 -2.31843 2.16666 2
3.53333 -2.27445 2.2125 2
3.55 -2.22954 2.25742 2
3.56666 -2.18371 2.30141 2
3.58333 -2.13697 2.34444 2
3.6 -2.08936 2.38649 2
3.61666 -2.04088 2.42756 2
3.63333 -1.99157 2.46762 2
3.65 -1.94143 2.50666 2
3.66666 -1.89049 2.54466 2
3.68333 -1.83878 2.58161 2
3.7 -1.7863 2.61748 2
3.71666 -1.73309 2.65228 2
3.73333 -1.67916 2.68597 2
3.75 -1.62454 2.71856 2
3.76666 -1.56926 2.75002 2
3.78333 -1.51332 2.78035 2
3.8 -1.45676 2.80953 2
3.81666 -1.3996 2.83755 2
3.83333 -1.34187 2.8644 2
3.85 -1.28358 2.89007 2
3.86666 -1.22476 2.91455 2
3.88333 -1.16544 2.93782 2
3.9 -1.10564 2.95989 2
3.91666 -1.04539 2.98074 2
3.93333 -0.984706 3.00036 2
3.95 -0.923618 3.01875 2
3.96666 -0.86215 3.0359 2
3.98333 -0.80033 3.0518 2
4 -0.738181 3.06645 2
4.01666 -0.67573 3.07985 2
4.03333 -0.613003 3.09198 2
4.05 -0.550025 3.10284 2
4.06666 -0.486824 3.11243 2
4.08333 -0.423424 3.12075 2
4.1 -0.359853 3.12779 2
4.11666 -0.296137 3.13356 2
4.13333 -0.232301 3.13804 2
4.15 -0.168373 3.14125 2
4.16667 -0.104379 3.14317 2
4.18333 -0.0403456 3.14381 2
4.2 0.0237014 3.14317 2
4.21667 0.0877351 3.14125 2
4.23333 0.151729 3.13805 2
4.25 0.215657 3.13357 2
4.26667 0.279493 3.12783 2
4.28333 0.34321 3.12081 2
4.3 0.406782 3.11252 2
4.31667 0.470184 3.10297 2
4.33333 0.533388 3.09217 2
4.35 0.596369 3.08011 2
4.36667 0.659102 3.06681 2
4.38333 0.72156 3.05226 2
4.4 0.783718 3.03648 2
4.41667 0.845551 3.01948 2
4.43334 0.907034 3.00126 2
4.45 0.96814 2.98182 2
4.46667 1.02885 2.96119 2
4.48334 1.08913 2.93936 2
4.5 1.14896 2.91634 2
4.51667 1.20832 2.89216 2
4.53334 1.26718 2.86681 2
4.55 1.32551 2.84031 2
4.56667 1.3833 2.81267 2
4.58334 1.44053 2.7839 2
4.6 1.49716 2.75402 2
4.61667 1.55318 2.72303 2
4.63334 1.60856 2.69095 2
4.65 1.66328 2.6578 2
4.66667 1.71732 2.62358 2
4.68334 1.77066 2.58832 2
4.70001 1.82327 2.55202 2
4.71667 1.87514 2.5147 2
4.73334 1.92624 2.47638 2
4.75001 1.97656 2.43707 2
4.76667 2.02607 2.3968 2
4.78334 2.07475 2.35557 2
4.80001 2.12259 2.3134 2
4.81667 2.16957 2.27031 2
4.83334 2.21567 2.22632 2
4.85001 2.26086 2.18145 2
4.86667 2.30514 2.13571 2
4.88334 2.34849 2.08913 2
4.90001 2.39088 2.04171 2
4.91668 2.4323 1.99349 2
4.93334 2.47274 1.94448 2
4.95001 2.51218 1.8947 2
4.96668 2.55061 1.84417 2
4.98334 2.588 1.79291 2
5.00001 2.62436 1.74094 2
5.01668 2.65965 1.68829 2
5.03334 2.69387 1.63497 2
5.05001 2.72701 1.581 2
5.06668 2.75905 1.52642 2
5.08334 2.78998 1.47123 2
5.10001 2.81979 1.41546 2
5.11668 2.84847 1.35913 2
5.13334 2.87601 1.30226 2
5.15001 2.90239 1.24489 2
5.16668 2.92761 1.18702 2
5.18335 2.95167 1.12869 2
5.20001 2.97454 1.06992 2
5.21668 2.99622 1.01072 2
5.23335 3.0167 0.951123 2
5.25001 3.03598 0.891154 2
5.26668 3.05405 0.830835 2
5.28335 3.07091 0.770189 2
5.30001 3.08654 0.709239 2
5.31668 3.10094 0.648011 2
5.33335 3.11411 0.586527 2
5.35001 3.12605 0.524811 2
5.36668 3.13674 0.462889 2
5.38335 3.14618 0.400783 2
5.40001 3.15438 0.338519 2
5.41668 3.16133 0.276119 2
5.43335 3.16703 0.21361 2
5.45002 3.17147 0.151014 2
5.46668 3.17466 0.0883568 2
5.48335 3.1766 0.0256619 2
5.50002 3.17728 -0.0370462 2
5.51668 3.1767 -0.0997432 2
5.53335 3.17488 -0.162405 2
5.55002 3.1718 -0.225007 2
5.56668 3.16747 -0.287525 2
5.58335 3.16189 -0.349935 2
5.60002 3.15507 -0.412213 2
5.61668 3.14701 -0.474334 2
5.63335 3.13771 -0.536276 2
5.65002 3.12718 -0.598013 2
5.66669 3.11542 -0.659522 2
5.68335 3.10244 -0.72078 2
5.70002 3.08824 -0.781762 2
5.71669 3.07283 -0.842446 2
5.73335 3.05622 -0.902808 2
5.75002 3.03841 -0.962824 2
5.76669 3.01941 -1.02247 2
5.78335 2.99923 -1.08173 2
5.80002 2.97788 -1.14057 2
5.81669 2.95536 -1.19897 2
5.83335 2.93169 -1.25692 2
5.85002 2.90687 -1.31438 2
5.86669 2.88092 -1.37134 2
5.88335 2.85385 -1.42777 2
5.90002 2.82566 -1.48365 2
5.91669 2.79637 -1.53897 2
5.93336 2.76599 -1.59369 2
5.95002 2.73453 -1.6478 2
5.96669 2.70201 -1.70128 2
5.98336 2.66844 -1.75411 2
6.00002 2.63382 -1.80626 2
6.01669 2.59819 -1.85772 2
6.03336 2.56154 -1.90846 2
6.05002 2.5239 -1.95847 2
6.06669 2.48527 -2.00772 2
6.08336 2.44568 -2.05621 2
6.10002 2.40514 -2.1039 2
6.11669 2.36366 -2.15078 2
6.13336 2.32127 -2.19683 2
6.15002 2.27798 -2.24204 2
6.16669 2.2338 -2.28638 2
6.18336 2.18875 -2.32985 2
6.20003 2.14286 -2.37241 2
6.21669 2.09613 -2.41406 2
6.23336 2.04859 -2.45478 2
6.25003 2.00025 -2.49455 2
6.26669 1.95114 -2.53336 2
6.28336 1.90127 -2.57119 2
6.30003 1.85067 -2.60802 2
6.31669 1.79934 -2.64385 2
6.33336 1.74732 -2.67866 2
6.35003 1.69462 -2.71243 2
6.36669 1.64126 -2.74515 2
6.38336 1.58727 -2.77681 2
6.40003 1.53266 -2.80739 2
6.4167 1.47746 -2.83689 2
6.43336 1.42168 -2.86529 2
6.45003 1.36535 -2.89257 2
6.4667 1.30849 -2.91874 2
6.48336 1.25112 -2.94377 2
6.50003 1.19326 -2.96766 2
6.5167 1.13494 -2.99039 2
6.53336 1.07618 -3.01196 2
6.55003 1.017 -3.03237 2
6.5667 0.957426 -3.05159 2
6.58336 0.897478 -3.06962 2
6.60003 0.83718 -3.08646 2
6.6167 0.776555 -3.1021 2
6.63336 0.715627 -3.11653 2
6.65003 0.654419 -3.12974 2
6.6667 0.592955 -3.14173 2
6.68337 0.531259 -3.15249 2
6.70003 0.469354 -3.16202 2
6.7167 0.407265 -3.17031 2
6.73337 0.345015 -3.17737 2
6.75003 0.282628 -3.18318 2
6.7667 0.220128 -3.18774 2
6.78337 0.15754 -3.19106 2
6.80003 0.0948879 -3.19312 2
6.8167 0.0321958 -3.19393 2
6.83337 -0.0305121 -3.19349 2
6.85003 -0.0932114 -3.19179 2
6.8667 -0.155878 -3.18884 2
6.88337 -0.218487 -3.18463 2
6.90003 -0.281015 -3.17917 2
6.9167 -0.343436 -3.17246 2
6.93337 -0.405728 -3.16449 2
6.95004 -0.467866 -3.15528 2
6.9667 -0.529824 -3.14482 2
6.98337 -0.591581 -3.13312 2
7.00004 -0.65311 -3.12019 2
7.0167 -0.714389 -3.10602 2
7.03337 -0.775393 -3.09062 2
7.05004 -0.836098 -3.07399 2
7.0667 -0.896481 -3.05615 2
7.08337 -0.956518 -3.0371 2
7.10004 -1.01618 -3.01684 2
7.1167 -1.07546 -2.99538 2
7.13337 -1.13432 -2.97273 2
7.15004 -1.19273 -2.9489 2
7.16671 -1.25069 -2.9239 2
7.18337 -1.30816 -2.89774 2
7.20004 -1.36512 -2.87042 2
7.21671 -1.42155 -2.84195 2
7.23337 -1.47743 -2.81235 2
7.25004 -1.53273 -2.78163 2
7.26671 -1.58743 -2.7498 2
7.28337 -1.64152 -2.71687 2
7.30004 -1.69496 -2.68285 2
7.31671 -1.74774 -2.64775 2
7.33337 -1.79984 -2.6116 2
7.35004 -1.85123 -2.5744 2
7.36671 -1.9019 -2.53617 2
7.38337 -1.95182 -2.49692 2
7.40004 -2.00098 -2.45667 2
7.41671 -2.04935 -2.41543 2
7.43338 -2.09692 -2.37322 2
7.45004 -2.14366 -2.33005 2
7.46671 -2.18956 -2.28595 2
7.48338 -2.2346 -2.24092 2
7.50004 -2.27876 -2.19499 2
7.51671 -2.32202 -2.14818 2
7.53338 -2.36436 -2.1005 2
7.55004 -2.40577 -2.05197 2
7.56671 -2.44623 -2.00262 2
7.58338 -2.48572 -1.95245 2
7.60004 -2.52422 -1.90149 2
7.61671 -2.56173 -1.84977 2
7.63338 -2.59822 -1.79729 2
7.65004 -2.63368 -1.74409 2
7.66671 -2.6681 -1.69018 2
7.68338 -2.70145 -1.63559 2
7.70005 -2.73374 -1.58033 2
7.71671 -2.76493 -1.52443 2
7.73338 -2.79502 -1.46791 2
7.75005 -2.824 -1.4108 2
7.76671 -2.85186 -1.35311 2
7.78338 -2.87857 -1.29488 2
7.80005 -2.90414 -1.23611 2
7.81671 -2.92854 -1.17685 2
7.83338 -2.95178 -1.1171 2
7.85005 -2.97383 -1.05691 2
7.86671 -2.99469 -0.996279 2
7.88338 -3.01435 -0.935246 2
7.90005 -3.03281 -0.873832 2
7.91672 -3.05004 -0.812063 2
7.93338 -3.06605 -0.749964 2
7.95005 -3.08083 -0.687561 2
7.96672 -3.09437 -0.624878 2
7.98338 -3.10666 -0.561941 2
8.00005 -3.1177 -0.498777 2
8.01672 -3.12749 -0.435411 2
8.03338 -3.13601 -0.371869 2
8.05005 -3.14327 -0.308177 2
8.06672 -3.14926 -0.244362 2
8.08338 -3.15397 -0.180449 2
8.10005 -3.15741 -0.116465 2
8.11671 -3.15957 -0.0524368 2
8.13338 -3.16045 0.0116098 2
8.15005 -3.16006 0.0756481 2
8.16671 -3.15838 0.139652 2
8.18338 -3.15541 0.203594 2
8.20005 -3.15117 0.267449 2
8.21671 -3.14565 0.33119 2
8.23338 -3.13884 0.394791 2
8.25005 -3.13077 0.458224 2
8.26671 -3.12141 0.521465 2
8.28338 -3.11079 0.584487 2
8.30005 -3.0989 0.647263 2
8.31671 -3.08574 0.709768 2
8.33338 -3.07133 0.771976 2
8.35004 -3.05566 0.833861 2
8.36671 -3.03875 0.895397 2
8.38338 -3.02059 0.956558 2
8.40004 -3.0012 1.01732 2
8.41671 -2.98058 1.07766 2
8.43338 -2.95874 1.13754 2
8.45004 -2.93569 1.19696 2
8.46671 -2.91144 1.25587 2
8.48338 -2.886 1.31426 2
8.50004 -2.85937 1.3721 2
8.51671 -2.83157 1.42937 2
8.53337 -2.80261 1.48604 2
8.55004 -2.77249 1.5421 2
8.56671 -2.74124 1.59751 2
8.58337 -2.70887 1.65226 2
8.60004 -2.67538 1.70632 2
8.61671 -2.64079 1.75966 2
8.63337 -2.60512 1.81228 2
8.65004 -2.56837 1.86414 2
8.66671 -2.53057 1.91523 2
8.68337 -2.49172 1.96552 2
8.70004 -2.45186 2.01499 2
8.71671 -2.41098 2.06362 2
8.73337 -2.36911 2.1114 2
8.75004 -2.32626 2.1583 2
8.7667 -2.28245 2.20431 2
8.78337 -2.23771 2.24939 2
8.80004 -2.19204 2.29355 2
8.8167 -2.14547 2.33675 2
8.83337 -2.09801 2.37898 2
8.85004 -2.04969 2.42023 2
8.8667 -2.00052 2.46047 2
8.88337 -1.95053 2.4997 2
8.90004 -1.89974 2.53789 2
8.9167 -1.84816 2.57502 2
8.93337 -1.79582 2.61109 2
8.95004 -1.74274 2.64608 2
8.9667 -1.68894 2.67998 2
8.98337 -1.63444 2.71277 2
9.00003 -1.57928 2.74444 2
9.0167 -1.52346 2.77497 2
9.03337 -1.46701 2.80436 2
9.05003 -1.40996 2.83259 2
9.0667 -1.35232 2.85965 2
9.08337 -1.29413 2.88553 2
9.10003 -1.23541 2.91022 2
9.1167 -1.17618 2.93372 2
9.13337 -1.11646 2.956 2
9.15003 -1.05629 2.97707 2
9.1667 -0.99568 2.99692 2
9.18336 -0.934663 3.01553 2
9.20003 -0.873262 3.0329 2
9.2167 -0.811503 3.04903 2
9.23336 -0.749411 3.06391 2
9.25003 -0.687013 3.07753 2
9.2667 -0.624334 3.08988 2
9.28336 -0.5614 3.10098 2
9.30003 -0.498236 3.1108 2
9.3167 -0.434871 3.11935 2
9.33336 -0.371329 3.12662 2
9.35003 -0.307636 3.13262 2
9.3667 -0.24382 3.13733 2
9.38336 -0.179907 3.14076 2
9.40003 -0.115923 3.14292 2
9.41669 -0.0518945 3.14379 2
9.43336 0.0121521 3.14338 2
9.45003 0.0761902 3.14169 2
9.46669 0.140193 3.13872 2
9.48336 0.204135 3.13448 2
9.50003 0.26799 3.12896 2
9.51669 0.33173 3.12217 2
9.53336 0.395331 3.11411 2
9.55003 0.458765 3.10479 2
9.56669 0.522006 3.09421 2
9.58336 0.58503 3.08238 2
9.60003 0.647809 3.0693 2
9.61669 0.710319 3.05498 2
9.63336 0.772533 3.03942 2
9.65002 0.834427 3.02264 2
9.66669 0.895974 3.00463 2
9.68336 0.957151 2.98542 2
9.70002 1.01793 2.965 2
9.71669 1.07829 2.94338 2
9.73336 1.1382 2.92058 2
9.75002 1.19765 2.89661 2
9.76669 1.2566 2.87147 2
9.78336 1.31503 2.84517 2
9.80002 1.37293 2.81774 2
9.81669 1.43025 2.78917 2
9.83335 1.48699 2.75949 2
9.85002 1.54312 2.7287 2
9.86669 1.59862 2.69682 2
9.88335 1.65346 2.66386 2
9.90002 1.70763 2.62983 2
9.91669 1.76109 2.59475 2
9.93335 1.81384 2.55864 2
9.95002 1.86584 2.5215 2
9.96669 1.91708 2.48336 2
9.98335 1.96754 2.44423 2
10 2.0172 2.40413 2
10.0167 2.06604 2.36307 2
10.0334 2.11403 2.32107 2
10.05 2.16117 2.27815 2
10.0667 2.20742 2.23432 2
10.0834 2.25278 2.18961 2
10.1 2.29723 2.14402 2
10.1167 2.34074 2.09759 2
10.1334 2.38331 2.05032 2
10.15 2.42491 2.00225 2
10.1667 2.46552 1.95337 2
10.1833 2.50515 1.90373 2
10.2 2.54376 1.85334 2
10.2167 2.58134 1.80221 2
10.2333 2.61788 1.75037 2
10.25 2.65336 1.69784 2
10.2667 2.68778 1.64463 2
10.2833 2.72111 1.59078 2
10.3 2.75335 1.5363 2
10.3167 2.78449 1.48122 2
10.3333 2.8145 1.42555 2
10.35 2.84338 1.36932 2
10.3667 2.87113 1.31256 2
10.3833 2.89772 1.25527 2
10.4 2.92315 1.19749 2
10.4167 2.94742 1.13924 2
10.4333 2.9705 1.08055 2
10.45 2.9924 1.02142 2
10.4667 3.0131 0.961898 2
10.4833 3.0326 0.901995 2
10.5 3.05089 0.841737 2
10.5167 3.06796 0.781147 2
10.5333 3.08381 0.720251 2
10.55 3.09844 0.659071 2
10.5667 3.11183 0.597631 2
10.5833 3.12399 0.535956 2
10.6 3.1349 0.474069 2
10.6167 3.14457 0.411994 2
10.6333 3.153 0.349757 2
10.65 3.16017 0.28738 2
10.6667 3.16609 0.224888 2
10.6833 3.17076 0.162307 2
10.7 3.17418 0.0996585 2
10.7167 3.17634 0.0369685 2
10.7333 3.17725 -0.025739 2
10.75 3.1769 -0.0884398 2
10.7667 3.1753 -0.15111 2
10.7833 3.17244 -0.213724 2
10.8 3.16834 -0.276259 2
10.8167 3.16299 -0.33869 2
10.8333 3.15639 -0.400994 2
10.85 3.14856 -0.463145 2
10.8667 3.13948 -0.525121 2
10.8833 3.12917 -0.586897 2
10.9 3.11763 -0.648449 2
10.9167 3.10487 -0.709754 2
10.9333 3.09089 -0.770788 2
10.95 3.0757 -0.831527 2
10.9667 3.05931 -0.891949 2
10.9833 3.04171 -0.952029 2
11 3.02293 -1.01174 2
11.0167 3.00296 -1.07107 2
11.0333 2.98182 -1.12999 2
11.05 2.95951 -1.18847 2
11.0667 2.93604 -1.2465 2
11.0833 2.91143 -1.30405 2
11.1 2.88569 -1.36111 2
11.1167 2.85881 -1.41763 2
11.1333 2.83082 -1.47362 2
11.15 2.80173 -1.52904 2
11.1667 2.77155 -1.58387 2
11.1833 2.74028 -1.63809 2
11.2 2.70795 -1.69169 2
11.2167 2.67457 -1.74463 2
11.2333 2.64014 -1.79691 2
11.25 2.60469 -1.84849 2
11.2667 2.56822 -1.89936 2
11.2833 2.53076 -1.94951 2
11.3 2.49231 -1.9989 2
11.3167 2.45289 -2.04752 2
11.3333 2.41252 -2.09536 2
11.35 2.37121 -2.14239 2
11.3667 2.32898 -2.18859 2
11.3833 2.28585 -2.23395 2
11.4 2.24183 -2.27845 2
11.4167 2.19694 -2.32208 2
11.4333 2.15119 -2.3648 2
11.45 2.10461 -2.40662 2
11.4667 2.05722 -2.44751 2
11.4833 2.00903 -2.48745 2
11.5 1.96005 -2.52643 2
11.5167 1.91032 -2.56444 2
11.5333 1.85985 -2.60146 2
11.55 1.80865 -2.63747 2
11.5667 1.75675 -2.67246 2
11.5833 1.70417 -2.70642 2
11.6 1.65093 -2.73933 2
11.6167 1.59705 -2.77118 2
11.6333 1.54255 -2.80196 2
11.65 1.48745 -2.83165 2
11.6667 1.43178 -2.86025 2
11.6833 1.37554 -2.88773 2
11.7 1.31878 -2.9141 2
11.7167 1.2615 -2.93934 2
11.7333 1.20373 -2.96343 2
11.75 1.14549 -2.98638 2
11.7667 1.08681 -3.00816 2
11.7833 1.0277 -3.02877 2
11.8 0.968197 -3.04821 2
11.8167 0.908315 -3.06646 2
11.8333 0.848078 -3.08351 2
11.85 0.78751 -3.09937 2
11.8667 0.726635 -3.11401 2
11.8833 0.665476 -3.12744 2
11.9 0.604057 -3.13965 2
11.9167 0.542401 -3.15064 2
11.9333 0.480532 -3.16039 2
11.95 0.418474 -3.16891 2
11.9667 0.356251 -3.17619 2
11.9833 0.293887 -3.18222 2
12 0.231406 -3.18701 2
12.0167 0.168832 -3.19055 2
12.0333 0.10619 -3.19284 2
12.05 0.0435029 -3.19388 2
12.0667 -0.0192039 -3.19366 2
12.0833 -0.0819065 -3.19219 2
12.1 -0.144581 -3.18946 2
12.1167 -0.207202 -3.18548 2
12.1333 -0.269746 -3.18025 2
12.15 -0.332189 -3.17376 2
12.1667 -0.394506 -3.16602 2
12.1833 -0.456673 -3.15703 2
12.2 -0.518666 -3.1468 2
12.2167 -0.58046 -3.13532 2
12.2333 -0.642032 -3.12261 2
12.25 -0.703358 -3.10866 2
12.2667 -0.764413 -3.09348 2
12.2833 -0.825174 -3.07708 2
12.3 -0.885617 -3.05946 2
12.3167 -0.945718 -3.04062 2
12.3333 -1.00545 -3.02058 2
12.35 -1.0648 -2.99934 2
12.3666 -1.12373 -2.9769 2
12.3833 -1.18223 -2.95329 2
12.4 -1.24027 -2.9285 2
12.4166 -1.29783 -2.90254 2
12.4333 -1.35489 -2.87543 2
12.45 -1.41141 -2.84717 2
12.4666 -1.46739 -2.81777 2
12.4833 -1.5228 -2.78725 2
12.5 -1.57761 -2.75562 2
12.5166 -1.63181 -2.72288 2
12.5333 -1.68537 -2.68906 2
12.55 -1.73827 -2.65416 2
12.5666 -1.7905 -2.6182 2
12.5833 -1.84202 -2.58119 2
12.6 -1.89282 -2.54314 2
12.6166 -1.94288 -2.50407 2
12.6333 -1.99217 -2.464 2
12.65 -2.04069 -2.42294 2
12.6666 -2.0884 -2.3809 2
12.6833 -2.1353 -2.3379 2
12.7 -2.18135 -2.29397 2
12.7166 -2.22654 -2.24911 2
12.7333 -2.27086 -2.20334 2
12.75 -2.31428 -2.15669 2
12.7666 -2.35679 -2.10916 2
12.7833 -2.39837 -2.06078 2
12.8 -2.439 -2.01158 2
12.8166 -2.47867 -1.96155 2
12.8333 -2.51735 -1.91074 2
12.85 -2.55504 -1.85915 2
12.8666 -2.59172 -1.80681 2
12.8833 -2.62736 -1.75374 2
12.9 -2.66197 -1.69995 2
12.9166 -2.69552 -1.64548 2
12.9333 -2.72799 -1.59034 2
12.95 -2.75938 -1.53456 2
12.9666 -2.78968 -1.47815 2
12.9833 -2.81886 -1.42114 2
13 -2.84692 -1.36356 2
13.0166 -2.87384 -1.30542 2
13.0333 -2.89961 -1.24675 2
13.05 -2.92423 -1.18757 2
13.0666 -2.94767 -1.12791 2
13.0833 -2.96994 -1.06779 2
13.1 -2.99102 -1.00724 2
13.1166 -3.0109 -0.94628 2
13.1333 -3.02957 -0.884933 2
13.15 -3.04702 -0.823226 2
13.1666 -3.06325 -0.761185 2
13.1833 -3.07826 -0.698835 2
13.2 -3.09202 -0.6362 2
13.2166 -3.10454 -0.573307 2
13.2333 -3.1158 -0.510182 2
13.25 -3.12582 -0.446851 2
13.2666 -3.13457 -0.383338 2
13.2833 -3.14205 -0.319672 2
13.3 -3.14827 -0.255877 2
13.3166 -3.15321 -0.19198 2
13.3333 -3.15688 -0.128007 2
13.35 -3.15928 -0.0639845 2
13.3666 -3.16039 6.06775e-05 2
13.3833 -3.16022 0.0641024 2
13.4 -3.15877 0.128114 2
13.4166 -3.15604 0.19207 2
13.4333 -3.15203 0.255942 2
13.45 -3.14674 0.319706 2
13.4666 -3.14016 0.383333 2
13.4833 -3.13232 0.446799 2
13.5 -3.12319 0.510077 2
13.5166 -3.1128 0.57314 2
13.5333 -3.10113 0.635962 2
13.55 -3.08821 0.698518 2
13.5666 -3.07402 0.760781 2
13.5833 -3.05858 0.822726 2
13.6 -3.04189 0.884327 2
13.6166 -3.02395 0.945558 2
13.6333 -3.00478 1.00639 2
13.65 -2.98439 1.06681 2
13.6666 -2.96277 1.12678 2
13.6833 -2.93994 1.18628 2
13.7 -2.9159 1.24528 2
13.7166 -2.89067 1.30377 2
13.7333 -2.86426 1.36171 2
13.75 -2.83667 1.41909 2
13.7666 -2.80791 1.47587 2
13.7833 -2.77801 1.53204 2
13.8 -2.74696 1.58757 2
13.8166 -2.71479 1.64243 2
13.8333 -2.6815 1.69662 2
13.85 -2.64711 1.7501 2
13.8666 -2.61163 1.80285 2
13.8833 -2.57507 1.85485 2
13.9 -2.53746 1.90607 2
13.9166 -2.4988 1.95651 2
13.9333 -2.45912 2.00613 2
13.95 -2.41842 2.05492 2
13.9666 -2.37673 2.10285 2
13.9833 -2.33405 2.14991 2
14 -2.29042 2.19608 2
14.0166 -2.24584 2.24133 2
14.0333 -2.20034 2.28565 2
14.05 -2.15393 2.32903 2
14.0666 -2.10663 2.37144 2
14.0833 -2.05847 2.41287 2
14.1 -2.00945 2.45329 2
14.1166 -1.95961 2.4927 2
14.1333 -1.90896 2.53108 2
14.15 -1.85752 2.5684 2
14.1666 -1.80531 2.60467 2
14.1833 -1.75236 2.63985 2
14.2 -1.69869 2.67395 2
14.2166 -1.64432 2.70694 2
14.2333 -1.58927 2.73881 2
14.25 -1.53357 2.76955 2
14.2666 -1.47723 2.79914 2
14.2833 -1.42029 2.82758 2
14.3 -1.36276 2.85485 2
14.3166 -1.30466 2.88095 2
14.3333 -1.24604 2.90586 2
14.35 -1.18689 2.92957 2
14.3666 -1.12726 2.95207 2
14.3833 -1.06717 2.97336 2
14.4 -1.00664 2.99343 2
14.4166 -0.945694 3.01226 2
14.4333 -0.88436 3.02986 2
14.45 -0.822664 3.04621 2
14.4666 -0.76063 3.06132 2
14.4833 -0.698285 3.07516 2
14.5 -0.635655 3.08775 2
14.5166 -0.572765 3.09907 2
14.5333 -0.509641 3.10912 2
14.5499 -0.44631 3.1179 2
14.5666 -0.382798 3.1254 2
14.5833 -0.31913 3.13163 2
14.5999 -0.255335 3.13657 2
14.6166 -0.191437 3.14024 2
14.6333 -0.127464 3.14262 2
14.6499 -0.0634415 3.14373 2
14.6666 0.000603758 3.14355 2
14.6833 0.0646453 3.14209 2
14.6999 0.128657 3.13935 2
14.7166 0.192612 3.13533 2
14.7333 0.256484 3.13005 2
14.7499 0.320247 3.12348 2
14.7666 0.383874 3.11566 2
14.7833 0.44734 3.10656 2
14.7999 0.510618 3.09621 2
14.8166 0.573683 3.0846 2
14.8333 0.636509 3.07175 2
14.8499 0.699069 3.05765 2
14.8666 0.761338 3.04232 2
14.8833 0.823291 3.02575 2
14.8999 0.884903 3.00797 2
14.9166 0.946148 2.98897 2
14.9333 1.007 2.96877 2
14.9499 1.06744 2.94737 2
14.9666 1.12743 2.92478 2
14.9833 1.18697 2.90101 2
14.9999 1.24601 2.87608 2
15.0166 1.30454 2.85 2
15.0333 1.36253 2.82277 2
15.0499 1.41996 2.79441 2
15.0666 1.47681 2.76492 2
15.0833 1.53305 2.73433 2
15.0999 1.58866 2.70265 2
15.1166 1.64362 2.66988 2
15.1333 1.69791 2.63604 2
15.1499 1.7515 2.60115 2
15.1666 1.80438 2.56523 2
15.1833 1.85652 2.52827 2
15.1999 1.9079 2.49031 2
15.2166 1.9585 2.45136 2
15.2333 2.00831 2.41143 2
15.2499 2.05729 2.37054 2
15.2666 2.10544 2.32871 2
15.2833 2.15273 2.28596 2
15.2999 2.19915 2.24229 2
15.3166 2.24467 2.19773 2
15.3333 2.28928 2.1523 2
15.3499 2.33296 2.10602 2
15.3666 2.3757 2.05891 2
15.3833 2.41748 2.01097 2
15.3999 2.45827 1.96224 2
15.4166 2.49808 1.91274 2
15.4333 2.53687 1.86248 2
15.4499 2.57464 1.81148 2
15.4666 2.61137 1.75977 2
15.4833 2.64704 1.70736 2
15.4999 2.68165 1.65427 2
15.5166 2.71518 1.60054 2
15.5333 2.74762 1.54617 2
15.5499 2.77895 1.4912 2
15.5666 2.80917 1.43563 2
15.5833 2.83826 1.3795 2
15.5999 2.86621 1.32283 2
15.6166 2.89301 1.26564 2
15.6333 2.91865 1.20795 2
15.6499 2.94313 1.14978 2
15.6666 2.96642 1.09116 2
15.6833 2.98854 1.03211 2
15.6999 3.00945 0.97266 2
15.7166 3.02917 0.912823 2
15.7333 3.04768 0.852627 2
15.7499 3.06497 0.792096 2
15.7666 3.08104 0.731253 2
15.7833 3.09589 0.670122 2
15.7999 3.10951 0.608728 2
15.8166 3.12188 0.547093 2
15.8333 3.13302 0.485242 2
15.8499 3.14292 0.4232 2
15.8666 3.15157 0.36099 2
15.8833 3.15897 0.298637 2
15.8999 3.16512 0.236164 2
15.9166 3.17001 0.173597 2
15.9333 3.17366 0.110959 2
15.9499 3.17604 0.0482747 2
15.9666 3.17718 -0.0144315 2
15.9833 3.17705 -0.0771352 2
15.9999 3.17568 -0.139812 2
16.0166 3.17305 -0.202439 2
16.0333 3.16917 -0.26499 2
16.0499 3.16405 -0.327441 2
16.0666 3.15767 -0.38977 2
16.0833 3.15006 -0.45195 2
16.0999 3.14121 -0.51396 2
16.1166 3.13112 -0.575773 2
16.1333 3.1198 -0.637367 2
16.1499 3.10726 -0.698719 2
16.1666 3.0935 -0.759803 2
16.1833 3.07853 -0.820597 2
16.1999 3.06235 -0.881077 2
16.2166 3.04497 -0.941221 2
16.2333 3.0264 -1.001 2
16.2499 3.00664 -1.0604 2
16.2666 2.98571 -1.1194 2
16.2833 2.96361 -1.17796 2
16.2999 2.94036 -1.23607 2
16.3166 2.91595 -1.29371 2
16.3333 2.89041 -1.35086 2
16.3499 2.86374 -1.40748 2
16.3666 2.83595 -1.46356 2
16.3833 2.80706 -1.51909 2
16.3999 2.77707 -1.57403 2
16.4166 2.746 -1.62836 2
16.4333 2.71386 -1.68207 2
16.4499 2.68066 -1.73513 2
16.4666 2.64642 -1.78753 2
16.4833 2.61115 -1.83924 2
16.4999 2.57487 -1.89024 2
16.5166 2.53758 -1.94052 2
16.5333 2.49931 -1.99005 2
16.5499 2.46007 -2.03881 2
16.5666 2.41987 -2.08679 2
16.5833 2.37873 -2.13397 2
16.5999 2.33666 -2.18032 2
16.6166 2.29369 -2.22583 2
16.6333 2.24983 -2.27049 2
16.6499 2.20509 -2.31427 2
16.6666 2.1595 -2.35716 2
16.6833 2.11307 -2.39915 2
16.6999 2.06582 -2.4402 2
16.7166 2.01777 -2.48032 2
16.7332 1.96894 -2.51947 2
16.7499 1.91934 -2.55766 2
16.7666 1.869 -2.59485 2
16.7832 1.81793 -2.63105 2
16.7999 1.76616 -2.66622 2
16.8166 1.7137 -2.70037 2
16.8332 1.66058 -2.73347 2
16.8499 1.60681 -2.76552 2
16.8666 1.55242 -2.79649 2
16.8832 1.49743 -2.82638 2
16.8999 1.44186 -2.85517 2
16.9166 1.38572 -2.88286 2
16.9332 1.32905 -2.90943 2
16.9499 1.27186 -2.93487 2
16.9666 1.21418 -2.95917 2
16.9832 1.15603 -2.98232 2
16.9999 1.09742 -3.00432 2
17.0166 1.03839 -3.02514 2
17.0332 0.978955 -3.04479 2
17.0499 0.919139 -3.06325 2
17.0666 0.858964 -3.08053 2
17.0832 0.798455 -3.0966 2
17.0999 0.737633 -3.11146 2
17.1166 0.676524 -3.12511 2
17.1332 0.61515 -3.13754 2
17.1499 0.553535 -3.14875 2
17.1666 0.491702 -3.15872 2
17.1832 0.429677 -3.16746 2
17.1999 0.367482 -3.17497 2
17.2166 0.305141 -3.18123 2
17.2332 0.24268 -3.18624 2
17.2499 0.180121 -3.19001 2
17.2666 0.117489 -3.19252 2
17.2832 0.0548085 -3.19378 2
17.2999 -0.00789648 -3.19379 2
17.3166 -0.0706016 -3.19255 2
17.3332 -0.133283 -3.19005 2
17.3499 -0.195915 -3.18629 2
17.3666 -0.258475 -3.18128 2
17.3832 -0.320938 -3.17502 2
17.3999 -0.383279 -3.16751 2
17.4166 -0.445475 -3.15874 2
17.4332 -0.507501 -3.14874 2
17.4499 -0.569333 -3.13748 2
17.4666 -0.630947 -3.12499 2
17.4832 -0.692319 -3.11127 2
17.4999 -0.753425 -3.09631 2
17.5166 -0.81424 -3.08013 2
17.5332 -0.874742 -3.06272 2
17.5499 -0.934906 -3.0441 2
17.5666 -0.994709 -3.02428 2
17.5832 -1.05413 -3.00325 2
17.5999 -1.11314 -2.98103 2
17.6166 -1.17172 -2.95763 2
17.6332 -1.22984 -2.93305 2
17.6499 -1.28749 -2.9073 2
17.6666 -1.34464 -2.8804 2
17.6832 -1.40126 -2.85234 2
17.6999 -1.45734 -2.82315 2
17.7166 -1.51285 -2.79284 2
17.7332 -1.56777 -2.7614 2
17.7499 -1.62208 -2.72887 2
17.7666 -1.67576 -2.69524 2
17.7832 -1.72878 -2.66053 2
17.7999 -1.78113 -2.62476 2
17.8166 -1.83278 -2.58794 2
17.8332 -1.88371 -2.55007 2
17.8499 -1.93391 -2.51119 2
17.8666 -1.98334 -2.4713 2
17.8832 -2.032 -2.43041 2
17.8999 -2.07986 -2.38855 2
17.9166 -2.1269 -2.34572 2
17.9332 -2.17311 -2.30196 2
17.9499 -2.21846 -2.25726 2
17.9666 -2.26293 -2.21166 2
17.9832 -2.30652 -2.16516 2
17.9999 -2.34919 -2.11779 2
18.0166 -2.39094 -2.06957 2
18.0332 -2.43174 -2.02051 2
18.0499 -2.47158 -1.97063 2
18.0666 -2.51045 -1.91996 2
18.0832 -2.54832 -1.86851 2
18.0999 -2.58518 -1.8163 2
18.1166 -2.62101 -1.76336 2
18.1332 -2.65581 -1.7097 2
18.1499 -2.68955 -1.65535 2
18.1666 -2.72222 -1.60033 2
18.1832 -2.7538 -1.54466 2
18.1999 -2.7843 -1.48836 2
18.2166 -2.81368 -1.43146 2
18.2332 -2.84194 -1.37398 2
18.2499 -2.86907 -1.31594 2
18.2666 -2.89505 -1.25736 2
18.2832 -2.91987 -1.19828 2
18.2999 -2.94353 -1.1387 2
18.3166 -2.96601 -1.07867 2
18.3332 -2.9873 -1.01819 2
18.3499 -3.0074 -0.9573 2
18.3666 -3.02629 -0.896021 2
18.3832 -3.04396 -0.834377 2
18.3999 -3.06042 -0.772395 2
18.4166 -3.07564 -0.710098 2
18.4332 -3.08963 -0.647513 2
18.4499 -3.10237 -0.584665 2
18.4666 -3.11386 -0.52158 2
18.4832 -3.1241 -0.458284 2
18.4999 -3.13308 -0.394802 2
18.5166 -3.14079 -0.331161 2
18.5332 -3.14724 -0.267387 2
18.5499 -3.15242 -0.203507 2
18.5666 -3.15631 -0.139546 2
18.5832 -3.15894 -0.0755305 2
18.5999 -3.16028 -0.0114875 2
18.6166 -3.16034 0.0525567 2
18.6332 -3.15913 0.116576 2
18.6499 -3.15663 0.180543 2
18.6666 -3.15284 0.244433 2
18.6832 -3.14778 0.308218 2
18.6999 -3.14144 0.371872 2
18.7166 -3.13382 0.435369 2
18.7332 -3.12493 0.498682 2
18.7499 -3.11476 0.561786 2
18.7666 -3.10333 0.624654 2
18.7832 -3.09063 0.687259 2
18.7999 -3.07667 0.749577 2
18.8166 -3.06145 0.811581 2
18.8332 -3.04499 0.873246 2
18.8499 -3.02728 0.934546 2
18.8666 -3.00833 0.995455 2
18.8832 -2.98815 1.05595 2
18.8999 -2.96675 1.116 2
18.9165 -2.94414 1.17559 2
18.9332 -2.92032 1.23468 2
18.9499 -2.89531 1.29326 2
18.9665 -2.8691 1.35131 2
18.9832 -2.84173 1.40878 2
18.9999 -2.81318 1.46567 2
19.0165 -2.78348 1.52196 2
19.0332 -2.75264 1.5776 2
19.0499 -2.72067 1.63259 2
19.0665 -2.68758 1.6869 2
19.0832 -2.65339 1.74051 2
19.0999 -2.6181 1.79339 2
19.1165 -2.58174 1.84553 2
19.1332 -2.54432 1.89689 2
19.1499 -2.50585 1.94747 2
19.1665 -2.46635 1.99724 2
19.1832 -2.42583 2.04618 2
19.1999 -2.38432 2.09427 2
19.2165 -2.34182 2.14149 2
19.2332 -2.29836 2.18782 2
19.2499 -2.25395 2.23324 2
19.2665 -2.20861 2.27773 2
19.2832 -2.16236 2.32128 2
19.2999 -2.11522 2.36386 2
19.3165 -2.06721 2.40547 2
19.3332 -2.01835 2.44608 2
19.3499 -1.96865 2.48567 2
19.3665 -1.91815 2.52423 2
19.3832 -1.86685 2.56175 2
19.3999 -1.81478 2.59821 2
19.4165 -1.76196 2.63359 2
19.4332 -1.70842 2.66788 2
19.4499 -1.65417 2.70107 2
19.4665 -1.59925 2.73314 2
19.4832 -1.54366 2.76409 2
19.4999 -1.48743 2.79389 2
19.5165 -1.4306 2.82254 2
19.5332 -1.37317 2.85002 2
19.5499 -1.31518 2.87633 2
19.5665 -1.25664 2.90145 2
19.5832 -1.19759 2.92538 2
19.5999 -1.13805 2.9481 2
19.6165 -1.07804 2.96961 2
19.6332 -1.01758 2.9899 2
19.6499 -0.956712 3.00896 2
19.6665 -0.895446 3.02678 2
19.6832 -0.833813 3.04336 2
19.6999 -0.771839 3.05868 2
19.7165 -0.709548 3.07276 2
19.7332 -0.646967 3.08557 2
19.7499 -0.584122 3.09712 2
19.7665 -0.521039 3.1074 2
19.7832 -0.457743 3.11641 2
19.7999 -0.394261 3.12414 2
19.8165 -0.33062 3.1306 2
19.8332 -0.266846 3.13578 2
19.8499 -0.202965 3.13967 2
19.8665 -0.139003 3.14229 2
19.8832 -0.0749877 3.14362 2
19.8999 -0.0109446 3.14367 2
19.9165 0.0530995 3.14244 2
19.9332 0.117118 3.13994 2
19.9499 0.181085 3.13615 2
19.9665 0.244974 3.13109 2
19.9832 0.308759 3.12476 2
19.9999 0.372413 3.11716 2
